5.7	7
5.685209117494338	7.282226850822664
5.640998521981276	7.56136156520795
5.567852593996914	7.834345884812358
5.466572735635022	8.09818893630466
5.338268590217984	8.35
5.184345884812359	8.587020181189677
5.006491028788965	8.806652637168916
4.806652637168917	9.006491028788965
4.587020181189677	9.184345884812359
4.3500000000000005	9.338268590217984
4.098188936304661	9.466572735635022
3.8343458848123584	9.567852593996914
3.5613615652079504	9.640998521981276
3.282226850822665	9.685209117494338
3	9.7
2.717773149177336	9.685209117494338
2.4386384347920504	9.640998521981276
2.165654115187642	9.567852593996914
1.9018110636953396	9.466572735635022
1.6500000000000006	9.338268590217984
1.4129798188103226	9.184345884812359
1.1933473628310836	9.006491028788965
.9935089712110359	8.806652637168918
.815654115187642	8.587020181189677
.661731409782016	8.350000000000001
.533427264364978	8.09818893630466
.43214740600308543	7.834345884812358
.35900147801872473	7.561361565207951
.3147908825056618	7.282226850822665
.2999999999999998	7
.3147908825056618	6.7177731491773365
.3590014780187243	6.4386384347920504
.432147406003085	6.1656541151876425
.5334272643649771	5.901811063695341
.6617314097820151	5.65
.8156541151876415	5.412979818810323
.993508971211035	5.193347362831084
1.193347362831082	4.993508971211035
1.4129798188103222	4.815654115187642
1.6499999999999988	4.661731409782016
1.9018110636953374	4.5334272643649784
2.1656541151876416	4.432147406003086
2.4386384347920487	4.359001478018724
2.7177731491773334	4.314790882505662
2.9999999999999996	4.3
3.282226850822663	4.314790882505662
3.561361565207948	4.359001478018724
3.8343458848123575	4.432147406003085
4.098188936304659	4.533427264364978
4.349999999999998	4.661731409782014
4.587020181189677	4.815654115187641
4.806652637168916	4.9935089712110345
5.006491028788963	5.193347362831081
5.184345884812358	5.412979818810322
5.338268590217984	5.649999999999999
5.4665727356350216	5.901811063695337
5.567852593996914	6.165654115187642
5.640998521981276	6.438638434792049
5.685209117494338	6.717773149177333
5.7	6.999999999999999
13	5
12.992106913713087	5.251162078117254
12.968458805257912	5.501332934257217
12.929149002914755	5.749525258342898
12.874332644514524	5.994759548659419
12.804226065180615	6.23606797749979
12.719105943553005	6.472498210738712
12.619308209864078	6.703117166260291
12.505226720175454	6.927014696406861
12.377311702008061	7.143307179915986
12.23606797749979	7.3511410091698925
12.082052971103156	7.549695958994759
11.915874509685647	7.738188423714755
11.738188423714755	7.915874509685646
11.549695958994759	8.082052971103156
11.351141009169892	8.23606797749979
11.143307179915986	8.377311702008061
10.92701469640686	8.505226720175454
10.703117166260292	8.619308209864078
10.472498210738712	8.719105943553005
10.23606797749979	8.804226065180615
9.994759548659419	8.874332644514524
9.749525258342898	8.929149002914755
9.501332934257217	8.968458805257912
9.251162078117254	8.992106913713087
9	9
8.748837921882746	8.992106913713087
8.498667065742783	8.96845880525791
8.2504747416571	8.929149002914755
8.00524045134058	8.874332644514524
7.76393202250021	8.804226065180615
7.527501789261288	8.719105943553005
7.296882833739709	8.619308209864078
7.072985303593138	8.505226720175454
6.856692820084012	8.37731170200806
6.648858990830108	8.23606797749979
6.450304041005241	8.082052971103156
6.261811576285245	7.915874509685645
6.084125490314353	7.738188423714754
5.917947028896842	7.549695958994758
5.76393202250021	7.351141009169893
5.62268829799194	7.143307179915986
5.494773279824546	6.927014696406861
5.380691790135922	6.70311716626029
5.280894056446995	6.472498210738711
5.195773934819385	6.236067977499788
5.125667355485476	5.994759548659419
5.070850997085245	5.749525258342898
5.031541194742088	5.501332934257216
5.007893086286914	5.251162078117252
5	4.999999999999999
5.007893086286914	4.748837921882747
5.031541194742088	4.498667065742783
5.070850997085246	4.250474741657101
5.125667355485476	4.00524045134058
5.195773934819385	3.7639320225002093
5.280894056446995	3.5275017892612865
5.380691790135922	3.2968828337397094
5.494773279824546	3.0729853035931383
5.622688297991941	2.856692820084013
5.763932022500211	2.6488589908301066
5.917947028896844	2.45030404100524
6.084125490314354	2.261811576285245
6.261811576285245	2.084125490314354
6.450304041005242	1.9179470288968425
6.648858990830107	1.7639320225002106
6.856692820084015	1.6226882979919388
7.072985303593139	1.4947732798245457
7.296882833739711	1.3806917901359208
7.527501789261288	1.2808940564469942
7.76393202250021	1.1957739348193859
8.005240451340581	1.1256673554854753
8.2504747416571	1.0708509970852451
8.498667065742785	1.0315411947420885
8.748837921882748	1.0078930862869138
9	1
9.251162078117256	1.0078930862869138
9.501332934257217	1.0315411947420885
9.749525258342901	1.0708509970852456
9.99475954865942	1.1256673554854757
10.23606797749979	1.1957739348193854
10.472498210738713	1.280894056446995
10.70311716626029	1.3806917901359217
10.927014696406863	1.4947732798245466
11.143307179915986	1.6226882979919401
11.351141009169895	1.763932022500212
11.54969595899476	1.9179470288968439
11.738188423714755	2.084125490314354
11.915874509685647	2.261811576285247
12.082052971103158	2.4503040410052415
12.236067977499792	2.6488589908301097
12.377311702008061	2.8566928200840147
12.505226720175454	3.0729853035931387
12.619308209864078	3.296882833739711
12.719105943553005	3.5275017892612883
12.804226065180615	3.763932022500213
12.874332644514524	4.005240451340582
12.929149002914755	4.250474741657102
12.968458805257912	4.498667065742785
12.992106913713087	4.748837921882747
21	4
20.997532801828658	4.157053795390642
20.99013364214136	4.3139525976465665
20.9778098230154	4.470541566592572
20.960573506572388	4.626666167821521
20.938441702975688	4.782172325201154
20.911436253643444	4.936906572928623
20.879583809693738	5.090716206982712
20.842915805643155	5.2434494358242745
20.801468428384716	5.394955530196146
20.755282581475768	5.545084971874737
20.70440384477113	5.693689601226457
20.648882429441258	5.84062276342339
20.588773128419906	5.9857394531739025
20.5241352623301	6.1288964578253635
20.45503262094184	6.269952498697734
20.38153340021932	6.408768370508577
20.30371013501972	6.545207078751856
20.221639627510076	6.679133974894983
20.13540287137281	6.810416889260653
20.045084971874736	6.938926261462366
19.950775061878453	7.0645352682648825
19.852566213878944	7.187119948743449
19.750555348152297	7.30655932661826
19.64484313710706	7.422735529643443
19.535533905932738	7.535533905932738
19.422735529643443	7.644843137107058
19.30655932661826	7.750555348152298
19.187119948743447	7.852566213878946
19.064535268264883	7.950775061878452
18.938926261462363	8.045084971874736
18.81041688926065	8.13540287137281
18.67913397489498	8.221639627510076
18.545207078751858	8.303710135019719
18.408768370508575	8.381533400219318
18.269952498697734	8.45503262094184
18.128896457825363	8.524135262330098
17.985739453173903	8.588773128419906
17.84062276342339	8.648882429441258
17.693689601226456	8.704403844771129
17.545084971874736	8.755282581475768
17.394955530196146	8.801468428384716
17.243449435824274	8.842915805643155
17.090716206982712	8.879583809693738
16.936906572928624	8.911436253643444
16.782172325201152	8.93844170297569
16.626666167821522	8.96057350657239
16.470541566592573	8.9778098230154
16.313952597646566	8.990133642141359
16.15705379539064	8.997532801828658
16	9
15.842946204609358	8.997532801828658
15.686047402353433	8.990133642141359
15.529458433407427	8.9778098230154
15.373333832178478	8.960573506572388
15.217827674798844	8.938441702975688
15.063093427071376	8.911436253643444
14.909283793017288	8.879583809693738
14.756550564175726	8.842915805643155
14.605044469803854	8.801468428384716
14.454915028125262	8.755282581475768
14.306310398773542	8.704403844771127
14.15937723657661	8.648882429441258
14.014260546826097	8.588773128419906
13.871103542174637	8.524135262330098
13.730047501302266	8.45503262094184
13.591231629491423	8.381533400219318
13.454792921248144	8.303710135019719
13.320866025105015	8.221639627510076
13.189583110739346	8.135402871372808
13.061073738537635	8.045084971874736
12.935464731735117	7.950775061878451
12.81288005125655	7.852566213878946
12.69344067338174	7.750555348152297
12.577264470356557	7.644843137107057
12.464466094067262	7.535533905932738
12.355156862892942	7.422735529643442
12.249444651847703	7.30655932661826
12.147433786121052	7.187119948743447
12.049224938121547	7.064535268264882
11.954915028125264	6.938926261462367
11.86459712862719	6.810416889260653
11.778360372489924	6.679133974894983
11.696289864980281	6.545207078751855
11.618466599780682	6.408768370508576
11.54496737905816	6.269952498697732
11.475864737669902	6.128896457825363
11.411226871580094	5.9857394531739025
11.351117570558742	5.840622763423388
11.295596155228873	5.693689601226456
11.244717418524232	5.5450849718747355
11.198531571615284	5.394955530196146
11.157084194356845	5.2434494358242745
11.120416190306262	5.090716206982711
11.088563746356556	4.936906572928623
11.06155829702431	4.782172325201152
11.03942649342761	4.62666616782152
11.0221901769846	4.470541566592572
11.009866357858641	4.313952597646566
11.002467198171342	4.157053795390641
11	3.9999999999999982
11.002467198171342	3.842946204609358
11.009866357858641	3.686047402353433
11.0221901769846	3.5294584334074273
11.03942649342761	3.3733338321784787
11.061558297024312	3.217827674798844
11.088563746356556	3.063093427071376
11.120416190306262	2.9092837930172877
11.157084194356845	2.7565505641757246
11.198531571615284	2.6050444698038535
11.244717418524232	2.4549150281252614
11.295596155228873	2.3063103987735425
11.351117570558744	2.159377236576608
11.411226871580094	2.014260546826096
11.475864737669902	1.8711035421746365
11.54496737905816	1.7300475013022645
11.618466599780682	1.591231629491423
11.696289864980283	1.4547929212481416
11.778360372489924	1.3208660251050164
11.86459712862719	1.1895831107393473
11.954915028125264	1.0610737385376332
12.049224938121549	.935464731735117
12.147433786121056	.8128800512565499
12.249444651847703	.6934406733817395
12.355156862892942	.5772644703565564
12.464466094067262	.46446609406726136
12.577264470356557	.355156862892942
12.693440673381742	.2494446518477007
12.812880051256553	.14743378612105307
12.935464731735117	.049224938121548156
13.061073738537633	-.04508497187473637
13.189583110739349	-.13540287137281126
13.320866025105019	-.2216396275100765
13.454792921248146	-.30371013501971866
13.591231629491423	-.38153340021931825
13.730047501302266	-.4550326209418394
13.87110354217464	-.5241352623300992
14.0142605468261	-.5887731284199065
14.15937723657661	-.6488824294412572
14.306310398773544	-.7044038447711269
14.454915028125262	-.7552825814757673
14.605044469803856	-.801468428384716
14.756550564175727	-.8429158056431563
14.909283793017288	-.8795838096937372
15.063093427071378	-.9114362536434433
15.217827674798844	-.9384417029756884
15.373333832178481	-.9605735065723895
15.52945843340743	-.9778098230154004
15.686047402353434	-.990133642141358
15.842946204609358	-.9975328018286582
15.999999999999998	-1
3	0
3	.3
3	.6
3	.8999999999999999
3	1.2
3	1.5
3	1.7999999999999998
3	2.1
3	2.4
3	2.6999999999999997
3	3
3	3.3
3	3.5999999999999996
3	3.9
3	4.2
3	4.5
3	4.8
3	5.1
3	5.3999999999999995
3	5.7
3	6
3	6.3
3	6.6
3	6.8999999999999995
3	7.199999999999999
3	7.5
3	7.8
3	8.1
3	8.4
3	8.7
3	9
3	9.299999999999999
3	9.6
3	9.9
3	10.2
3	10.5
3	10.799999999999999
11	11.25
11.1	11.125
11.2	11
11.3	10.875
11.4	10.75
11.5	10.625
11.6	10.5
11.7	10.375
11.8	10.25
11.9	10.125
12	10
12.1	9.875
12.2	9.75
12.3	9.625
12.4	9.5
12.5	9.375
12.6	9.25
12.7	9.125
12.8	9
12.9	8.875
13	8.75
13.1	8.625
13.2	8.5
13.3	8.375
13.4	8.25
13.5	8.125
13.6	8
13.7	7.875
13.8	7.75
13.9	7.625
14	7.5
14.1	7.375
14.2	7.25
14.3	7.125
14.4	7
14.5	6.875
14.6	6.75
14.7	6.625
14.8	6.5
14.9	6.375
15	6.25
15.1	6.125
15.2	6
15.3	5.875
15.4	5.75
15.5	5.625
15.6	5.5
15.7	5.375
15.8	5.25
15.9	5.125
16	5
16.1	4.875
16.2	4.75
16.3	4.625
16.4	4.5
16.5	4.375
16.6	4.25
16.7	4.125
16.8	4
16.9	3.875
17	3.75
17.1	3.625
17.2	3.5
17.3	3.375
17.4	3.25
17.5	3.125
17.6	3
17.7	2.875
17.8	2.75
17.9	2.625
18	2.5
18.1	2.375
18.2	2.25
18.3	2.125
18.4	2
18.5	1.875
18.6	1.75
18.7	1.625
18.8	1.5
18.9	1.375
19	1.25
19.1	1.125
19.2	1
19.3	.875
19.4	.75
19.5	.625
19.6	.5
19.7	.375
19.8	.25
19.9	.125
20	0
0	0
.09	.27
.18	.54
.27	.81
.36	1.08
.44999999999999996	1.3499999999999999
.54	1.62
.63	1.8900000000000001
.72	2.16
.8099999999999999	2.4299999999999997
.8999999999999999	2.6999999999999997
.99	2.9699999999999998
1.08	3.24
1.17	3.51
1.26	3.7800000000000002
1.3499999999999999	4.05
1.44	4.32
1.53	4.59
1.6199999999999999	4.859999999999999
1.71	5.13
1.7999999999999998	5.3999999999999995
1.89	5.67
1.98	5.9399999999999995
2.07	6.209999999999999
2.16	6.48
2.25	6.75
2.34	7.02
2.4299999999999997	7.289999999999999
2.52	7.5600000000000005
2.61	7.83
2.6999999999999997	8.1
2.79	8.370000000000001
2.88	8.64
2.9699999999999998	8.91
3.06	9.18
3.15	9.45
3.2399999999999998	9.719999999999999
3.33	9.99
3.42	10.26
0	0
.2	.11111111111111112
.4	.22222222222222224
.6	.3333333333333333
.8	.4444444444444445
1	.5555555555555556
1.2	.6666666666666666
1.4	.7777777777777778
1.6	.888888888888889
1.8	1
2	1.1111111111111112
2.2	1.2222222222222223
2.4	1.3333333333333333
2.6	1.4444444444444446
2.8	1.5555555555555556
3	1.6666666666666667
3.2	1.777777777777778
3.4	1.8888888888888888
3.6	2
3.8	2.111111111111111
4	2.2222222222222223
4.2	2.3333333333333335
4.4	2.4444444444444446
4.6	2.5555555555555554
4.8	2.6666666666666665
5	2.7777777777777777
5.2	2.8888888888888893
5.4	3.0000000000000004
5.6	3.111111111111111
5.8	3.2222222222222223
6	3.3333333333333335
6.2	3.4444444444444446
6.4	3.555555555555556
6.6	3.6666666666666665
6.8	3.7777777777777777
7	3.8888888888888893
7.2	4
7.4	4.111111111111112
7.6	4.222222222222222
7.8	4.333333333333333
8	4.444444444444445
8.2	4.555555555555555
8.4	4.666666666666667
8.6	4.777777777777778
8.8	4.888888888888889
9	5
9.2	5.111111111111111
9.4	5.222222222222222
9.6	5.333333333333333
9.8	5.444444444444445
10	5.555555555555555
10.2	5.666666666666667
10.4	5.777777777777779
10.6	5.888888888888889
10.8	6.000000000000001
11	6.111111111111112
11.2	6.222222222222222
11.4	6.333333333333334
11.6	6.444444444444445
11.8	6.555555555555556
12	6.666666666666667
12.2	6.777777777777778
12.4	6.888888888888889
12.6	7
12.8	7.111111111111112
13	7.222222222222222
13.2	7.333333333333333
13.4	7.444444444444445
13.6	7.555555555555555
13.8	7.666666666666667
14	7.777777777777779
14.2	7.888888888888889
14.4	8
14.6	8.11111111111111
14.8	8.222222222222223
15	8.333333333333334
15.2	8.444444444444445
15.4	8.555555555555555
15.6	8.666666666666666
15.8	8.777777777777779
16	8.88888888888889
16.2	9
16.4	9.11111111111111
16.6	9.222222222222223
16.8	9.333333333333334
17	9.444444444444445
17.2	9.555555555555555
17.4	9.666666666666666
17.6	9.777777777777779
17.8	9.88888888888889
18	10
0	10
.3	10
.6	10
.8999999999999999	10
1.2	10
1.5	10
1.7999999999999998	10
2.1	10
2.4	10
2.6999999999999997	10
3	10
3.3	10
3.5999999999999996	10
3.9	10
4.2	10
4.5	10
4.8	10
5.1	10
5.3999999999999995	10
5.7	10
6	10
6.3	10
6.6	10
6.8999999999999995	10
7.199999999999999	10
7.5	10
7.8	10
8.1	10
8.4	10
8.7	10
9	10
9.299999999999999	10
9.6	10
9.9	10
10.2	10
10.5	10
10.799999999999999	10
11.1	10
11.4	10
11.7	10
12	10
12.299999999999999	10
12.6	10
12.9	10
13.2	10
13.5	10
13.799999999999999	10
14.1	10
14.399999999999999	10
14.7	10
15	10
15.299999999999999	10
15.6	10
15.899999999999999	10
16.2	10
16.5	10
16.8	10
17.099999999999998	10
17.4	10
17.7	10
18	10
18.3	10
18.599999999999998	10
18.9	10
19.2	10
19.5	10
19.8	10
