9	467
9	468
10	458
10	459
10	467
10	468
11	453
11	454
11	458
11	459
11	467
11	468
12	449
12	450
12	453
12	454
12	458
12	459
13	445
13	446
13	449
13	450
13	453
13	454
14	442
14	443
14	445
14	446
14	449
14	450
15	439
15	440
15	442
15	443
15	445
15	446
16	437
16	438
16	439
16	440
16	442
16	443
17	434
17	435
17	437
17	438
17	439
17	440
18	432
18	433
18	434
18	435
18	437
18	438
19	429
19	430
19	432
19	433
19	434
19	435
20	427
20	428
20	429
20	430
20	432
20	433
21	425
21	426
21	427
21	428
21	429
21	430
22	423
22	424
22	425
22	426
22	427
22	428
23	422
23	423
23	424
23	425
23	426
24	420
24	421
24	422
24	423
24	424
25	418
25	419
25	420
25	421
25	422
25	423
26	417
26	418
26	419
26	420
26	421
27	415
27	416
27	417
27	418
27	419
28	413
28	414
28	415
28	416
28	417
28	418
29	412
29	413
29	414
29	415
29	416
30	410
30	411
30	412
30	413
30	414
31	409
31	410
31	411
31	412
31	413
32	408
32	409
32	410
32	411
33	406
33	407
33	408
33	409
33	410
34	405
34	406
34	407
34	408
34	409
35	404
35	405
35	406
35	407
36	403
36	404
36	405
36	406
37	401
37	402
37	403
37	404
37	405
38	400
38	401
38	402
38	403
38	404
39	399
39	400
39	401
39	402
40	398
40	399
40	400
40	401
41	397
41	398
41	399
41	400
42	396
42	397
42	398
42	399
43	395
43	396
43	397
43	398
44	394
44	395
44	396
44	397
45	393
45	394
45	395
45	396
46	392
46	393
46	394
46	395
46	454
46	455
47	392
47	393
47	394
47	454
47	455
48	391
48	392
48	393
48	453
48	454
48	455
49	390
49	391
49	392
49	393
49	449
49	450
49	451
49	453
49	454
50	389
50	390
50	391
50	392
50	449
50	450
50	451
51	388
51	389
51	390
51	391
51	446
51	447
51	449
51	450
52	387
52	388
52	389
52	390
52	442
52	443
52	444
52	446
52	447
53	387
53	388
53	389
53	442
53	443
53	444
54	386
54	387
54	388
54	440
54	441
54	442
54	443
55	385
55	386
55	387
55	388
55	438
55	439
55	440
55	441
56	384
56	385
56	386
56	387
56	437
56	438
56	439
57	383
57	384
57	385
57	386
57	435
57	436
57	437
57	438
58	383
58	384
58	385
58	433
58	434
58	435
58	436
59	382
59	383
59	384
59	432
59	433
59	434
60	381
60	382
60	383
60	384
60	431
60	432
60	433
61	381
61	382
61	383
61	429
61	430
61	431
61	432
62	380
62	381
62	382
62	428
62	429
62	430
63	379
63	380
63	381
63	382
63	427
63	428
63	429
64	379
64	380
64	381
64	426
64	427
64	428
65	378
65	379
65	380
65	425
65	426
66	378
66	379
66	380
66	424
66	425
67	377
67	378
67	379
67	423
67	424
68	377
68	378
68	379
68	423
69	376
69	377
69	378
70	375
70	376
70	377
70	378
71	375
71	376
71	377
72	374
72	375
72	376
73	374
73	375
73	376
74	374
74	375
75	373
75	374
75	375
76	373
76	374
76	375
77	372
77	373
77	374
78	372
78	373
78	374
79	372
79	373
80	371
80	372
80	373
81	371
81	372
81	373
82	370
82	371
82	372
83	370
83	371
83	372
84	370
84	371
85	369
85	370
85	371
86	369
86	370
86	371
87	368
87	369
87	370
88	368
88	369
88	370
89	368
89	369
90	368
90	369
91	367
91	368
91	369
92	367
92	368
92	369
93	367
93	368
94	366
94	367
94	368
95	366
95	367
95	368
96	366
96	367
97	366
97	367
98	365
98	366
98	367
99	365
99	366
99	367
100	365
100	366
101	365
101	366
102	364
102	365
102	366
103	364
103	365
103	366
104	364
104	365
105	364
105	365
106	364
106	365
107	364
107	365
108	363
108	364
108	365
109	363
109	364
109	365
110	363
110	364
111	363
111	364
112	363
112	364
113	363
113	364
114	363
114	364
115	363
115	364
116	363
116	364
117	363
117	364
118	363
118	364
119	363
119	364
120	363
120	364
121	363
121	364
122	363
122	364
123	363
123	364
124	362
124	363
124	364
125	362
125	363
125	364
126	110
126	111
126	131
126	132
126	362
126	363
126	364
127	103
127	104
127	110
127	111
127	131
127	132
127	362
127	363
127	364
128	99
128	100
128	103
128	104
128	110
128	111
128	131
128	132
128	141
128	142
128	363
128	364
128	469
128	470
128	488
128	489
129	96
129	97
129	99
129	100
129	103
129	104
129	141
129	142
129	143
129	144
129	363
129	364
129	469
129	470
129	488
129	489
129	494
129	495
130	91
130	92
130	96
130	97
130	99
130	100
130	141
130	142
130	143
130	144
130	153
130	363
130	364
130	469
130	470
130	488
130	489
130	494
130	495
130	498
130	499
131	89
131	90
131	91
131	92
131	96
131	97
131	143
131	144
131	153
131	363
131	364
131	494
131	495
131	498
131	499
131	504
131	505
132	86
132	87
132	89
132	90
132	91
132	92
132	153
132	156
132	157
132	363
132	364
132	498
132	499
132	504
132	505
132	507
132	508
133	83
133	84
133	86
133	87
133	89
133	156
133	157
133	159
133	160
133	363
133	364
133	504
133	505
133	507
133	508
133	510
133	511
134	82
134	83
134	84
134	86
134	87
134	156
134	157
134	159
134	160
134	162
134	363
134	364
134	507
134	508
134	510
134	511
134	514
134	515
135	80
135	81
135	82
135	83
135	84
135	159
135	160
135	162
135	163
135	363
135	364
135	510
135	511
135	514
135	515
135	516
135	517
136	77
136	78
136	80
136	81
136	162
136	163
136	165
136	166
136	363
136	364
136	514
136	515
136	516
136	517
136	519
136	520
137	76
137	77
137	78
137	165
137	166
137	167
137	170
137	363
137	364
137	516
137	517
137	519
137	520
137	522
137	523
138	73
138	74
138	76
138	77
138	78
138	166
138	167
138	169
138	170
138	363
138	364
138	519
138	520
138	522
138	523
138	524
138	525
139	70
139	71
139	73
139	74
139	169
139	170
139	174
139	363
139	364
139	522
139	523
139	524
139	525
139	527
139	528
140	69
140	70
140	71
140	73
140	74
140	174
140	175
140	363
140	364
140	365
140	524
140	525
140	527
140	528
140	529
140	530
141	68
141	69
141	70
141	71
141	174
141	175
141	176
141	181
141	363
141	364
141	365
141	527
141	528
141	529
141	530
141	531
141	532
142	67
142	68
142	69
142	175
142	176
142	180
142	181
142	364
142	365
142	529
142	530
142	531
142	532
142	533
142	534
143	66
143	67
143	68
143	180
143	181
143	364
143	365
143	531
143	532
143	533
143	534
143	535
143	536
144	63
144	64
144	66
144	67
144	180
144	181
144	182
144	183
144	364
144	365
144	533
144	534
144	535
144	536
144	537
145	62
145	63
145	64
145	180
145	181
145	182
145	183
145	184
145	364
145	365
145	535
145	536
145	537
145	538
145	539
146	61
146	62
146	63
146	182
146	183
146	184
146	185
146	186
146	364
146	365
146	366
146	536
146	537
146	538
146	539
146	540
146	541
147	59
147	60
147	61
147	62
147	184
147	185
147	186
147	187
147	188
147	364
147	365
147	366
147	538
147	539
147	540
147	541
147	542
148	58
148	59
148	60
148	186
148	187
148	188
148	189
148	365
148	366
148	540
148	541
148	542
148	543
149	56
149	57
149	58
149	59
149	187
149	188
149	189
149	190
149	365
149	366
149	541
149	542
149	543
149	544
150	55
150	56
150	57
150	188
150	189
150	190
150	191
150	192
150	365
150	366
150	367
150	542
150	543
150	544
150	545
150	546
151	55
151	56
151	190
151	191
151	192
151	193
151	365
151	366
151	367
151	543
151	544
151	545
151	546
151	547
152	54
152	55
152	56
152	191
152	192
152	193
152	194
152	195
152	366
152	367
152	545
152	546
152	547
152	548
153	53
153	54
153	192
153	193
153	194
153	195
153	196
153	366
153	367
153	546
153	547
153	548
153	549
153	550
154	51
154	52
154	53
154	194
154	195
154	196
154	197
154	366
154	367
154	547
154	548
154	549
154	550
154	551
155	50
155	51
155	52
155	195
155	196
155	197
155	198
155	366
155	367
155	368
155	549
155	550
155	551
155	552
156	50
156	51
156	196
156	197
156	198
156	199
156	200
156	366
156	367
156	368
156	550
156	551
156	552
156	553
157	50
157	51
157	198
157	199
157	200
157	201
157	367
157	368
157	551
157	552
157	553
157	554
158	47
158	48
158	199
158	200
158	201
158	202
158	367
158	368
158	369
158	552
158	553
158	554
158	555
159	47
159	48
159	200
159	201
159	202
159	203
159	367
159	368
159	369
159	553
159	554
159	555
159	556
160	47
160	48
160	166
160	202
160	203
160	368
160	369
160	554
160	555
160	556
160	557
161	45
161	166
161	202
161	203
161	204
161	368
161	369
161	370
161	555
161	556
161	557
161	558
162	43
162	44
162	45
162	166
162	168
162	169
162	202
162	203
162	204
162	206
162	368
162	369
162	370
162	556
162	557
162	558
162	559
163	43
163	44
163	168
163	169
163	170
163	203
163	204
163	206
163	207
163	369
163	370
163	557
163	558
163	559
163	560
164	42
164	43
164	44
164	116
164	117
164	169
164	170
164	171
164	206
164	207
164	208
164	369
164	370
164	371
164	558
164	559
164	560
164	561
165	41
165	42
165	43
165	110
165	111
165	116
165	117
165	126
165	127
165	171
165	173
165	174
165	207
165	208
165	369
165	370
165	371
165	559
165	560
165	561
165	562
166	40
166	41
166	42
166	106
166	107
166	110
166	111
166	116
166	117
166	126
166	127
166	137
166	138
166	173
166	174
166	175
166	207
166	208
166	209
166	370
166	371
166	372
166	560
166	561
166	562
166	563
167	39
167	40
167	41
167	103
167	104
167	106
167	107
167	111
167	126
167	127
167	137
167	138
167	139
167	140
167	174
167	175
167	176
167	208
167	209
167	210
167	370
167	371
167	372
167	561
167	562
167	563
167	564
168	39
168	40
168	101
168	102
168	103
168	104
168	137
168	138
168	139
168	140
168	175
168	176
168	177
168	178
168	209
168	210
168	211
168	371
168	372
168	373
168	562
168	563
168	564
168	565
169	38
169	39
169	101
169	102
169	103
169	104
169	139
169	140
169	147
169	148
169	150
169	177
169	178
169	179
169	209
169	210
169	211
169	371
169	372
169	373
169	563
169	564
169	565
169	566
170	37
170	38
170	96
170	97
170	101
170	102
170	147
170	148
170	150
170	151
170	155
170	178
170	179
170	182
170	210
170	211
170	212
170	372
170	373
170	564
170	565
170	566
170	567
171	36
171	37
171	38
171	94
171	95
171	96
171	97
171	150
171	151
171	154
171	155
171	181
171	182
171	211
171	212
171	213
171	372
171	373
171	374
171	565
171	566
171	567
171	568
172	35
172	36
172	37
172	92
172	93
172	94
172	95
172	97
172	154
172	155
172	156
172	181
172	182
172	211
172	212
172	213
172	214
172	372
172	373
172	374
172	566
172	567
172	568
172	569
173	34
173	35
173	36
173	90
173	91
173	92
173	93
173	94
173	155
173	156
173	158
173	159
173	182
173	183
173	184
173	213
173	214
173	215
173	373
173	374
173	375
173	567
173	568
173	569
174	34
174	35
174	89
174	90
174	91
174	158
174	159
174	160
174	161
174	183
174	184
174	185
174	214
174	215
174	373
174	374
174	375
174	568
174	569
174	570
175	33
175	34
175	88
175	89
175	90
175	159
175	160
175	161
175	162
175	163
175	184
175	185
175	186
175	214
175	215
175	216
175	374
175	375
175	376
175	568
175	569
175	570
175	571
176	33
176	34
176	85
176	86
176	88
176	89
176	161
176	162
176	163
176	164
176	165
176	185
176	186
176	187
176	215
176	216
176	374
176	375
176	376
176	569
176	570
176	571
177	32
177	33
177	84
177	85
177	86
177	162
177	163
177	164
177	165
177	166
177	186
177	187
177	188
177	216
177	217
177	375
177	376
177	377
177	570
177	571
177	572
178	31
178	32
178	83
178	84
178	85
178	164
178	165
178	166
178	167
178	187
178	188
178	189
178	216
178	217
178	218
178	375
178	376
178	377
178	378
178	570
178	571
178	572
178	573
179	31
179	32
179	82
179	83
179	84
179	165
179	166
179	167
179	168
179	169
179	188
179	189
179	190
179	217
179	218
179	376
179	377
179	378
179	571
179	572
179	573
179	574
180	30
180	31
180	32
180	81
180	82
180	166
180	167
180	168
180	169
180	170
180	171
180	189
180	190
180	191
180	217
180	218
180	377
180	378
180	379
180	572
180	573
180	574
180	575
181	30
181	31
181	79
181	80
181	81
181	168
181	169
181	170
181	171
181	172
181	190
181	191
181	192
181	217
181	218
181	219
181	377
181	378
181	379
181	573
181	574
181	575
181	576
182	29
182	30
182	79
182	80
182	170
182	171
182	172
182	173
182	191
182	192
182	193
182	217
182	218
182	219
182	220
182	378
182	379
182	574
182	575
182	576
183	29
183	30
183	79
183	80
183	172
183	173
183	174
183	192
183	193
183	219
183	220
183	221
183	575
183	576
184	28
184	29
184	76
184	79
184	173
184	174
184	192
184	193
184	194
184	219
184	220
184	221
185	28
185	29
185	76
185	173
185	174
185	193
185	194
185	195
185	220
185	221
186	27
186	28
186	76
186	173
186	174
186	177
186	178
186	194
186	195
186	196
187	26
187	27
187	177
187	178
187	195
187	196
188	26
188	27
188	177
188	178
188	179
188	196
188	197
189	26
189	27
189	178
189	179
189	180
189	197
189	198
190	26
190	27
190	180
190	181
190	197
190	198
191	25
191	70
191	181
191	182
191	198
191	199
191	225
192	24
192	25
192	69
192	70
192	182
192	183
192	184
192	198
192	199
192	200
192	225
193	24
193	25
193	69
193	70
193	183
193	184
193	199
193	200
193	225
193	226
194	24
194	69
194	183
194	184
194	199
194	200
194	201
194	225
194	226
195	24
195	183
195	184
195	185
195	200
195	201
195	202
195	226
196	184
196	185
196	186
196	201
196	202
196	226
196	227
197	185
197	186
197	187
197	201
197	202
197	203
197	226
197	227
198	186
198	187
198	202
198	203
198	227
198	228
199	186
199	187
199	188
199	202
199	203
199	204
199	228
200	187
200	188
200	203
200	204
200	228
201	187
201	188
201	189
201	203
201	204
201	205
201	228
202	188
202	189
202	204
202	205
202	228
202	229
203	189
203	204
203	205
203	206
203	229
204	205
204	206
204	229
205	205
205	206
206	206
206	207
207	206
207	207
208	206
208	207
209	207
209	208
210	207
210	208
211	208
212	208
213	43
213	44
214	43
214	44
215	43
215	44
216	233
217	228
217	229
217	233
218	204
218	224
218	225
218	228
218	229
218	233
219	204
219	224
219	225
219	226
219	228
219	229
220	204
220	224
220	225
220	226
221	203
221	204
221	225
221	226
221	229
221	230
222	203
222	204
222	225
222	226
222	229
222	230
222	231
222	232
223	202
223	203
223	204
223	229
223	230
223	231
223	232
223	234
224	201
224	202
224	203
224	204
224	231
224	232
224	234
225	201
225	202
225	203
225	234
226	201
226	202
227	201
227	202
228	201
228	202
229	201
229	202
230	16
230	201
230	202
231	16
231	201
231	202
232	16
232	201
232	202
233	16
233	201
233	202
234	16
234	201
234	202
234	203
235	16
235	201
235	202
235	203
236	16
236	201
236	202
236	203
237	16
237	201
237	202
237	203
238	16
238	201
238	202
239	201
239	202
240	201
240	202
241	201
241	202
242	201
242	202
242	203
243	201
243	202
243	203
243	204
244	202
244	203
244	204
245	203
245	204
246	201
246	202
246	203
246	204
247	201
247	202
247	203
247	204
248	201
248	202
248	204
248	205
249	201
249	204
249	205
250	204
250	205
251	205
259	469
259	470
259	489
260	455
260	456
260	469
260	470
260	489
261	452
261	453
261	455
261	456
261	469
261	470
261	489
262	447
262	448
262	452
262	453
262	455
262	456
262	485
262	486
263	446
263	447
263	448
263	452
263	453
263	485
263	486
263	494
263	495
264	203
264	441
264	442
264	446
264	447
264	448
264	485
264	486
264	494
264	495
264	501
264	502
265	203
265	439
265	440
265	441
265	442
265	446
265	447
265	494
265	495
265	501
265	502
265	503
265	504
266	203
266	438
266	439
266	440
266	441
266	442
266	501
266	502
266	503
266	504
266	506
266	507
267	435
267	436
267	438
267	439
267	503
267	504
267	506
267	507
267	508
267	509
268	431
268	432
268	435
268	436
268	506
268	507
268	508
268	509
268	511
268	512
269	430
269	431
269	432
269	435
269	436
269	508
269	509
269	511
269	512
269	514
269	515
270	428
270	429
270	430
270	431
270	432
270	511
270	512
270	514
270	515
270	516
270	517
271	426
271	427
271	428
271	429
271	430
271	431
271	514
271	515
271	516
271	517
271	518
271	519
272	423
272	424
272	426
272	427
272	428
272	516
272	517
272	518
272	519
272	521
272	522
273	422
273	423
273	424
273	426
273	518
273	519
273	521
273	522
273	523
273	524
274	422
274	423
274	424
274	521
274	522
274	523
274	524
274	526
274	527
275	421
275	422
275	423
275	523
275	524
275	526
275	527
275	528
276	418
276	419
276	421
276	422
276	526
276	527
276	528
276	529
276	530
277	415
277	416
277	418
277	419
277	527
277	528
277	529
277	530
277	531
277	532
278	414
278	415
278	416
278	529
278	530
278	531
278	532
279	413
279	414
279	415
279	416
279	531
279	532
279	533
279	534
280	412
280	413
280	414
280	415
280	531
280	532
280	533
280	534
280	536
280	537
281	410
281	411
281	412
281	413
281	533
281	534
281	536
281	537
281	538
282	409
282	410
282	411
282	412
282	536
282	537
282	538
282	539
282	540
283	408
283	409
283	410
283	537
283	538
283	539
283	540
283	541
284	407
284	408
284	409
284	539
284	540
284	541
284	542
284	543
285	405
285	406
285	407
285	408
285	540
285	541
285	542
285	543
285	544
286	404
286	405
286	406
286	542
286	543
286	544
286	545
287	404
287	405
287	543
287	544
287	545
287	546
288	403
288	404
288	405
288	544
288	545
288	546
288	547
288	548
289	401
289	402
289	403
289	545
289	546
289	547
289	548
290	400
290	401
290	402
290	547
290	548
290	550
290	551
291	399
291	400
291	401
291	547
291	548
291	550
291	551
291	552
292	399
292	400
292	550
292	551
292	552
293	399
293	400
293	517
293	542
293	551
293	552
293	553
294	397
294	517
294	542
294	551
294	552
294	553
294	554
295	396
295	397
295	517
295	542
295	552
295	553
295	554
295	555
296	396
296	397
296	553
296	554
296	555
296	556
297	396
297	397
297	532
297	554
297	555
297	556
297	557
298	394
298	467
298	468
298	532
298	555
298	556
298	557
298	558
299	393
299	394
299	462
299	463
299	467
299	468
299	477
299	491
299	492
299	532
299	556
299	557
299	558
299	559
300	392
300	393
300	394
300	461
300	462
300	463
300	467
300	468
300	477
300	478
300	490
300	491
300	492
300	557
300	558
300	559
300	560
301	392
301	393
301	457
301	458
301	461
301	462
301	463
301	465
301	466
301	477
301	478
301	490
301	491
301	492
301	558
301	559
301	560
302	392
302	393
302	453
302	454
302	457
302	458
302	464
302	465
302	466
302	478
302	485
302	486
302	489
302	490
302	491
302	547
302	559
302	560
302	561
302	562
303	390
303	451
303	452
303	453
303	454
303	463
303	464
303	465
303	466
303	478
303	485
303	486
303	489
303	490
303	492
303	493
303	499
303	500
303	547
303	559
303	560
303	561
303	562
303	563
304	389
304	390
304	448
304	449
304	451
304	452
304	462
304	463
304	464
304	465
304	485
304	486
304	489
304	490
304	492
304	493
304	494
304	499
304	500
304	502
304	503
304	547
304	561
304	562
304	563
305	388
305	389
305	390
305	446
305	447
305	448
305	449
305	462
305	463
305	492
305	493
305	494
305	502
305	503
305	504
305	505
305	544
305	545
305	562
305	563
305	564
306	388
306	389
306	444
306	445
306	446
306	447
306	448
306	493
306	494
306	502
306	503
306	504
306	505
306	542
306	543
306	544
306	545
306	562
306	563
306	564
306	565
307	386
307	387
307	388
307	443
307	444
307	445
307	446
307	447
307	504
307	505
307	506
307	512
307	513
307	542
307	543
307	544
307	563
307	564
307	565
307	566
307	567
308	385
308	386
308	387
308	442
308	443
308	444
308	445
308	504
308	505
308	506
308	511
308	512
308	513
308	542
308	543
308	564
308	565
308	566
308	567
309	385
309	386
309	440
309	441
309	442
309	443
309	505
309	506
309	510
309	511
309	512
309	513
309	539
309	540
309	543
309	566
309	567
309	568
310	385
310	386
310	438
310	439
310	440
310	441
310	442
310	443
310	510
310	511
310	512
310	520
310	539
310	540
310	567
310	568
311	384
311	385
311	438
311	439
311	443
311	510
311	511
311	512
311	520
311	539
311	540
311	541
311	567
311	568
312	383
312	384
312	438
312	439
312	443
312	511
312	512
312	519
312	520
312	540
312	541
312	559
312	560
312	567
312	568
312	569
313	383
313	384
313	434
313	443
313	511
313	512
313	519
313	520
313	540
313	541
313	542
313	549
313	550
313	559
313	560
313	568
313	569
313	570
314	382
314	383
314	384
314	433
314	434
314	518
314	519
314	520
314	541
314	542
314	543
314	549
314	550
314	559
314	560
314	568
314	569
314	570
315	382
315	383
315	432
315	433
315	518
315	519
315	520
315	522
315	523
315	542
315	543
315	544
315	549
315	550
315	569
315	570
316	381
316	382
316	383
316	432
316	433
316	518
316	519
316	522
316	523
316	543
316	544
316	545
316	549
316	550
316	569
316	570
316	571
317	381
317	382
317	432
317	522
317	523
317	543
317	544
317	545
317	546
317	552
317	553
317	569
317	570
317	571
318	381
318	382
318	428
318	522
318	523
318	527
318	545
318	546
318	547
318	551
318	552
318	553
318	570
318	571
318	572
319	380
319	381
319	428
319	522
319	523
319	527
319	528
319	546
319	547
319	551
319	552
319	570
319	571
319	572
320	380
320	426
320	523
320	527
320	528
320	529
320	546
320	547
320	552
320	571
320	572
320	573
321	379
321	380
321	425
321	426
321	528
321	529
321	530
321	546
321	547
321	548
321	571
321	572
321	573
321	574
321	575
322	378
322	379
322	424
322	425
322	426
322	529
322	530
322	531
322	532
322	547
322	548
322	549
322	572
322	573
322	574
322	575
323	378
323	379
323	423
323	424
323	425
323	530
323	531
323	532
323	546
323	547
323	548
323	549
323	555
323	556
323	574
323	575
323	576
324	378
324	379
324	423
324	424
324	531
324	532
324	533
324	546
324	547
324	548
324	549
324	555
324	556
324	574
324	575
324	576
325	378
325	423
325	424
325	532
325	533
325	534
325	546
325	547
325	551
325	555
325	556
325	575
325	576
326	423
326	533
326	534
326	535
326	546
326	547
326	551
326	552
326	556
326	557
326	575
326	576
326	577
327	534
327	535
327	536
327	546
327	547
327	551
327	552
327	557
327	575
327	576
327	577
328	534
328	535
328	536
328	542
328	551
328	552
328	553
328	559
328	560
328	576
328	577
328	578
329	535
329	536
329	542
329	552
329	553
329	559
329	560
329	576
329	577
329	578
330	537
330	538
330	542
330	552
330	553
330	554
330	555
330	559
330	560
330	577
330	578
331	537
331	538
331	539
331	552
331	553
331	554
331	555
331	560
331	577
331	578
332	537
332	538
332	539
332	541
332	542
332	553
332	554
332	555
332	560
332	577
332	578
332	579
333	538
333	539
333	541
333	542
333	553
333	554
333	560
333	577
333	578
333	579
333	580
334	541
334	542
334	553
334	554
334	578
334	579
334	580
335	541
335	542
335	553
335	554
335	555
335	579
335	580
336	541
336	542
336	553
336	554
336	555
336	556
336	579
336	580
337	541
337	542
337	544
337	554
337	555
337	556
337	580
338	543
338	544
338	552
338	553
338	555
338	556
338	582
339	543
339	544
339	545
339	552
339	553
339	555
339	556
339	582
339	583
340	372
340	543
340	544
340	545
340	552
340	553
340	582
340	583
341	371
341	372
341	544
341	545
341	548
341	549
341	582
341	583
342	371
342	372
342	544
342	545
342	547
342	548
342	549
342	582
342	583
343	371
343	372
343	547
343	548
343	549
343	561
343	562
343	582
343	583
344	371
344	372
344	547
344	548
344	561
344	562
344	564
344	568
344	582
344	583
345	371
345	547
345	548
345	549
345	550
345	561
345	562
345	564
345	565
345	567
345	568
345	571
345	582
345	583
346	547
346	548
346	549
346	550
346	564
346	565
346	566
346	567
346	568
346	571
346	582
346	583
347	370
347	549
347	550
347	551
347	565
347	566
347	567
347	571
347	582
347	583
347	585
348	370
348	549
348	550
348	551
348	562
348	563
348	565
348	566
348	567
348	577
348	578
348	582
348	583
348	584
348	585
349	370
349	371
349	550
349	551
349	561
349	562
349	563
349	566
349	577
349	578
349	582
349	583
349	584
350	369
350	370
350	371
350	550
350	551
350	552
350	561
350	562
350	563
350	566
350	569
350	577
350	578
350	582
350	583
351	369
351	370
351	371
351	550
351	551
351	552
351	561
351	562
351	563
351	568
351	569
351	577
351	578
352	369
352	370
352	551
352	552
352	561
352	562
352	563
352	568
352	569
352	577
352	578
353	369
353	370
353	551
353	552
353	562
353	563
353	569
353	577
353	578
354	369
354	370
354	394
354	551
354	552
354	553
354	562
354	563
354	577
354	578
355	369
355	370
355	394
355	551
355	552
355	553
355	554
355	562
355	563
355	564
355	577
355	578
355	582
355	583
356	369
356	370
356	394
356	552
356	553
356	554
356	562
356	563
356	564
356	577
356	578
356	582
356	583
356	584
357	369
357	370
357	553
357	554
357	563
357	564
357	582
357	583
357	584
357	585
357	586
358	368
358	369
358	553
358	554
358	583
358	584
358	585
358	586
359	368
359	369
359	553
359	554
359	585
359	586
360	368
360	369
360	553
360	554
360	585
360	586
361	368
361	369
361	553
361	554
361	585
361	586
362	368
362	369
362	553
362	554
362	586
363	368
363	369
363	553
363	554
363	586
364	368
364	369
364	393
364	553
364	554
365	368
365	369
365	393
365	469
365	470
365	553
365	554
366	368
366	369
366	393
366	457
366	458
366	469
366	470
366	553
366	554
367	368
367	369
367	392
367	451
367	452
367	457
367	458
367	469
367	470
367	553
367	554
367	555
368	368
368	369
368	392
368	447
368	448
368	451
368	452
368	457
368	458
368	553
368	554
368	555
369	368
369	369
369	392
369	443
369	444
369	447
369	448
369	451
369	452
369	553
369	554
369	555
370	368
370	440
370	441
370	443
370	444
370	447
370	448
370	553
370	554
370	555
371	368
371	436
371	437
371	440
371	441
371	443
371	444
371	553
371	554
372	368
372	434
372	435
372	436
372	437
372	440
372	441
372	552
372	553
372	554
373	368
373	431
373	432
373	434
373	435
373	436
373	437
373	552
373	553
373	554
374	368
374	369
374	429
374	430
374	431
374	432
374	434
374	435
374	552
374	553
375	368
375	369
375	426
375	427
375	429
375	430
375	431
375	432
375	468
375	469
375	552
375	553
375	554
376	368
376	369
376	424
376	425
376	426
376	427
376	429
376	430
376	468
376	469
376	552
376	553
376	554
377	368
377	369
377	422
377	423
377	424
377	425
377	426
377	427
377	463
377	464
377	468
377	469
377	553
377	554
378	368
378	369
378	421
378	422
378	423
378	424
378	425
378	462
378	463
378	464
378	468
378	469
378	553
378	554
379	418
379	419
379	421
379	422
379	423
379	457
379	458
379	462
379	463
379	464
379	553
379	554
380	417
380	418
380	419
380	421
380	422
380	455
380	456
380	457
380	458
380	462
380	463
380	553
380	554
381	415
381	416
381	417
381	418
381	419
381	454
381	455
381	456
381	457
381	458
381	553
381	554
382	369
382	370
382	414
382	415
382	416
382	417
382	418
382	449
382	450
382	454
382	455
382	456
382	553
382	554
383	369
383	370
383	412
383	413
383	414
383	415
383	416
383	447
383	448
383	449
383	450
383	454
383	455
383	553
383	554
384	369
384	370
384	411
384	412
384	413
384	414
384	415
384	442
384	443
384	447
384	448
384	449
384	450
384	553
384	554
385	369
385	370
385	409
385	410
385	411
385	412
385	413
385	440
385	441
385	442
385	443
385	447
385	448
385	552
385	553
385	554
386	369
386	370
386	408
386	409
386	410
386	411
386	412
386	438
386	439
386	440
386	441
386	442
386	443
386	551
386	552
386	553
386	554
387	369
387	370
387	406
387	407
387	408
387	409
387	410
387	435
387	436
387	438
387	439
387	440
387	441
387	551
387	552
387	553
388	369
388	370
388	405
388	406
388	407
388	408
388	409
388	433
388	434
388	435
388	436
388	438
388	439
388	551
388	552
389	369
389	370
389	403
389	404
389	405
389	406
389	407
389	432
389	433
389	434
389	435
389	436
389	551
389	552
390	369
390	370
390	402
390	403
390	404
390	405
390	406
390	429
390	430
390	432
390	433
390	434
390	551
390	552
391	369
391	370
391	373
391	401
391	402
391	403
391	404
391	427
391	428
391	429
391	430
391	432
391	433
391	551
391	552
392	373
392	400
392	401
392	402
392	403
392	426
392	427
392	428
392	429
392	430
392	551
392	552
392	553
393	373
393	398
393	399
393	400
393	401
393	402
393	423
393	424
393	426
393	427
393	428
393	451
393	452
393	551
393	552
393	553
393	554
394	373
394	397
394	398
394	399
394	400
394	401
394	421
394	422
394	423
394	424
394	426
394	427
394	451
394	452
394	552
394	553
394	554
394	555
395	372
395	373
395	396
395	397
395	398
395	399
395	420
395	421
395	422
395	423
395	424
395	448
395	451
395	452
395	553
395	554
395	555
395	556
396	372
396	373
396	395
396	396
396	397
396	398
396	419
396	420
396	421
396	422
396	448
396	449
396	451
396	452
396	554
396	555
396	556
396	557
397	372
397	373
397	394
397	395
397	396
397	397
397	417
397	418
397	419
397	420
397	421
397	442
397	446
397	447
397	448
397	449
397	480
397	481
397	555
397	556
397	557
398	372
398	373
398	393
398	394
398	395
398	396
398	417
398	418
398	419
398	420
398	442
398	443
398	446
398	447
398	480
398	481
398	484
398	485
398	556
398	557
399	372
399	373
399	392
399	393
399	394
399	395
399	414
399	415
399	417
399	418
399	440
399	441
399	442
399	443
399	480
399	481
399	484
399	485
399	486
399	487
399	556
400	372
400	373
400	391
400	392
400	393
400	394
400	413
400	414
400	415
400	417
400	418
400	437
400	438
400	439
400	440
400	441
400	471
400	472
400	484
400	485
400	486
400	487
401	372
401	373
401	390
401	391
401	392
401	393
401	412
401	413
401	414
401	415
401	435
401	436
401	437
401	438
401	439
401	465
401	466
401	471
401	472
401	486
401	487
402	373
402	390
402	391
402	392
402	410
402	411
402	412
402	413
402	414
402	434
402	435
402	436
402	437
402	461
402	462
402	465
402	466
402	471
402	472
403	389
403	390
403	391
403	409
403	410
403	411
403	412
403	413
403	432
403	433
403	434
403	435
403	459
403	460
403	461
403	462
403	464
403	465
403	466
404	388
404	389
404	390
404	391
404	408
404	409
404	410
404	411
404	430
404	431
404	432
404	433
404	457
404	458
404	459
404	460
404	464
404	465
405	387
405	388
405	389
405	390
405	407
405	408
405	409
405	410
405	428
405	429
405	430
405	431
405	432
405	457
405	458
405	459
405	463
405	464
405	465
406	386
406	387
406	388
406	389
406	405
406	406
406	407
406	408
406	409
406	427
406	428
406	429
406	430
406	431
406	454
406	455
406	457
406	458
406	463
406	464
407	385
407	386
407	387
407	388
407	400
407	401
407	405
407	406
407	407
407	408
407	426
407	427
407	428
407	429
407	451
407	452
407	454
407	455
407	457
407	458
408	385
408	386
408	387
408	400
408	401
408	404
408	405
408	406
408	424
408	425
408	426
408	427
408	449
408	450
408	451
408	452
408	454
408	455
409	384
409	385
409	386
409	400
409	401
409	404
409	405
409	406
409	423
409	424
409	425
409	447
409	448
409	449
409	450
409	451
409	452
410	383
410	384
410	385
410	386
410	398
410	401
410	402
410	403
410	404
410	405
410	421
410	422
410	423
410	424
410	444
410	445
410	447
410	448
410	449
410	450
411	382
411	383
411	384
411	385
411	397
411	398
411	401
411	402
411	403
411	420
411	421
411	422
411	423
411	443
411	444
411	445
411	447
411	448
412	382
412	383
412	384
412	396
412	397
412	398
412	401
412	402
412	403
412	419
412	420
412	421
412	422
412	441
412	442
412	443
412	444
412	445
413	381
413	382
413	383
413	396
413	397
413	401
413	402
413	418
413	419
413	420
413	439
413	440
413	441
413	442
413	443
413	444
414	380
414	381
414	382
414	383
414	417
414	418
414	419
414	437
414	438
414	439
414	440
414	441
414	442
415	379
415	380
415	381
415	382
415	398
415	415
415	416
415	417
415	418
415	436
415	437
415	438
415	439
415	440
416	378
416	379
416	380
416	381
416	398
416	414
416	415
416	416
416	434
416	435
416	436
416	437
416	438
417	378
417	379
417	380
417	398
417	413
417	414
417	415
417	432
417	433
417	434
417	435
417	436
417	437
418	377
418	378
418	379
418	412
418	413
418	414
418	431
418	432
418	433
418	434
418	435
419	377
419	378
419	379
419	395
419	412
419	413
419	430
419	431
419	432
419	433
420	376
420	377
420	378
420	395
420	411
420	412
420	413
420	428
420	429
420	430
420	431
420	432
421	375
421	376
421	377
421	378
421	395
421	410
421	411
421	412
421	427
421	428
421	429
421	430
421	431
422	375
422	376
422	377
422	409
422	410
422	411
422	426
422	427
422	428
422	429
423	374
423	375
423	376
423	408
423	409
423	410
423	425
423	426
423	427
423	428
424	374
424	375
424	376
424	407
424	408
424	409
424	424
424	425
424	426
424	427
425	373
425	374
425	375
425	406
425	407
425	408
425	423
425	424
425	425
425	426
426	373
426	374
426	375
426	405
426	406
426	407
426	422
426	423
426	424
426	425
427	372
427	373
427	374
427	405
427	406
427	421
427	422
427	423
427	424
428	372
428	373
428	374
428	404
428	405
428	406
428	420
428	421
428	422
428	423
429	371
429	372
429	373
429	403
429	404
429	405
429	419
429	420
429	421
429	422
430	371
430	372
430	373
430	402
430	403
430	404
430	418
430	419
430	420
430	421
431	370
431	371
431	372
431	402
431	403
431	417
431	418
431	419
431	420
432	370
432	371
432	372
432	401
432	402
432	416
432	417
432	418
432	419
433	370
433	371
433	400
433	401
433	415
433	416
433	417
433	418
434	369
434	370
434	371
434	399
434	400
434	415
434	416
434	417
435	369
435	370
435	371
435	399
435	400
435	414
435	415
435	416
436	369
436	370
436	399
436	409
436	410
436	413
436	414
436	415
436	416
437	368
437	369
437	370
437	409
437	410
437	413
437	414
437	415
438	368
438	369
438	370
438	397
438	408
438	409
438	410
438	413
438	414
439	367
439	368
439	369
439	397
439	408
439	409
439	410
439	413
440	367
440	368
440	369
440	397
440	407
440	408
440	409
441	366
441	367
441	368
441	406
441	407
441	408
441	409
442	366
442	367
442	368
442	406
442	407
442	408
443	366
443	367
443	405
443	406
443	407
444	365
444	366
444	367
444	405
444	406
444	407
445	365
445	366
445	367
445	404
445	405
445	406
446	365
446	366
446	404
446	405
446	406
447	364
447	365
447	366
447	403
447	404
447	405
448	364
448	365
448	366
448	403
449	364
449	365
450	363
450	364
450	365
451	363
451	364
451	365
452	363
452	364
453	363
453	364
454	362
454	363
454	364
455	362
455	363
455	364
456	362
456	363
457	362
457	363
458	362
458	363
459	361
459	362
459	363
460	361
460	362
460	363
461	361
461	362
462	361
462	362
463	361
463	362
464	361
464	362
465	361
465	362
466	360
466	361
466	362
467	360
467	361
467	362
468	360
468	361
469	360
469	361
470	360
470	361
471	360
471	361
472	360
472	361
473	360
473	361
474	360
474	361
475	360
475	361
476	360
476	361
477	360
477	361
478	360
478	361
479	359
479	360
479	361
480	359
480	360
480	361
481	359
481	360
482	359
482	360
483	359
483	360
484	359
484	360
485	359
485	360
485	361
486	359
486	360
486	361
487	360
487	361
488	360
488	361
489	360
489	361
490	360
490	361
491	360
491	361
492	360
492	361
493	360
493	361
494	360
494	361
495	360
495	361
495	362
496	360
496	361
496	362
497	361
497	362
498	361
498	362
499	361
499	362
500	361
500	362
500	363
501	361
501	362
501	363
502	362
502	363
503	362
503	363
504	362
504	363
505	362
505	363
506	362
506	363
506	364
507	362
507	363
507	364
508	363
508	364
509	363
509	364
510	363
510	364
510	365
511	363
511	364
511	365
512	364
512	365
513	364
513	365
513	366
514	364
514	365
514	366
515	365
515	366
516	365
516	366
516	367
517	365
517	366
517	367
518	366
518	367
519	366
519	367
519	368
520	366
520	367
520	368
521	367
521	368
522	367
522	368
522	369
523	367
523	368
523	369
524	368
524	369
524	370
525	368
525	369
525	370
526	369
526	370
526	371
527	369
527	370
527	371
528	370
528	371
528	372
529	370
529	371
529	372
530	371
530	372
530	373
531	371
531	372
531	373
531	374
532	372
532	373
532	374
533	373
533	374
534	373
534	374
534	375
535	373
535	374
535	375
535	376
536	374
536	375
536	376
536	377
537	375
537	376
537	377
537	378
538	376
538	377
538	378
538	379
539	377
539	378
539	379
540	378
540	379
541	378
541	379
541	380
542	378
542	379
542	380
543	379
543	380
543	381
544	379
544	380
544	381
544	382
544	567
545	380
545	381
545	382
545	385
545	567
546	381
546	382
546	385
546	386
547	381
547	382
547	385
547	386
547	387
548	385
548	386
548	387
548	388
549	386
549	387
549	388
550	387
550	388
550	389
551	387
551	388
551	389
551	390
552	388
552	389
552	390
552	391
553	388
553	389
553	390
553	391
554	388
554	389
554	390
554	391
554	392
555	388
555	389
555	390
555	391
555	392
555	393
556	389
556	390
556	392
556	393
556	394
556	395
557	390
557	393
557	394
557	395
557	396
558	394
558	395
558	396
559	395
559	396
559	397
560	395
560	396
560	397
560	398
561	396
561	397
561	398
561	399
562	397
562	398
562	399
562	400
563	397
563	398
563	399
563	400
564	397
564	398
564	399
564	400
565	398
565	399
565	400
565	401
566	399
566	400
566	401
566	402
567	400
567	401
567	402
567	403
568	401
568	402
568	403
568	404
569	402
569	403
569	404
569	405
570	403
570	404
570	405
570	406
570	407
571	404
571	405
571	406
571	407
571	408
572	406
572	407
572	408
572	409
572	410
573	407
573	408
573	409
573	410
573	411
573	414
573	415
574	409
574	410
574	411
574	414
574	415
574	416
574	417
575	410
575	411
575	414
575	415
575	416
575	417
575	418
576	416
576	417
576	418
576	419
576	420
577	417
577	418
577	419
577	420
577	421
578	419
578	420
578	421
578	422
578	423
579	420
579	421
579	422
579	423
579	424
580	422
580	423
580	424
580	425
581	423
581	424
581	425
582	424
582	425
582	426
582	427
583	424
583	425
583	426
583	427
583	429
583	430
584	426
584	427
584	429
584	430
584	431
585	429
585	430
585	431
585	432
585	433
586	430
586	431
586	432
586	433
586	435
586	436
586	443
586	444
587	432
587	433
587	435
587	436
587	438
587	439
587	443
587	444
587	447
587	448
587	509
587	510
588	435
588	436
588	438
588	439
588	443
588	444
588	447
588	448
588	453
588	454
588	504
588	505
588	509
588	510
589	438
589	439
589	447
589	448
589	453
589	454
589	458
589	459
589	501
589	502
589	504
589	505
589	509
589	510
590	453
590	454
590	458
590	459
590	501
590	502
590	504
591	458
591	459
591	485
591	486
591	501
591	502
592	466
592	467
592	485
592	486
593	466
593	467
593	468
593	469
593	485
593	486
594	466
594	467
594	468
594	469
595	468
595	469
