1	475
1	478
1	479
2	475
2	478
2	479
3	475
3	478
3	479
4	475
4	478
4	479
5	475
5	478
5	479
6	475
6	478
6	479
7	475
7	478
7	479
8	475
8	478
8	479
9	475
9	478
9	479
10	475
10	478
10	479
11	475
11	478
11	479
12	475
12	478
12	479
13	475
13	478
13	479
14	478
14	479
15	478
15	479
16	478
16	479
17	478
17	479
18	478
18	479
19	478
19	479
20	478
20	479
21	478
21	479
22	478
22	479
23	478
23	479
24	478
24	479
25	478
25	479
26	478
26	479
27	478
27	479
28	478
28	479
29	478
29	479
30	478
30	479
31	478
31	479
32	478
32	479
33	478
33	479
34	478
34	479
35	478
35	479
36	478
36	479
37	478
37	479
38	478
38	479
39	478
39	479
40	478
40	479
41	147
41	148
41	478
41	479
42	143
42	144
42	147
42	148
42	478
42	479
43	139
43	140
43	143
43	144
43	147
43	148
43	478
43	479
44	135
44	136
44	139
44	140
44	143
44	144
44	478
44	479
45	132
45	133
45	135
45	136
45	139
45	140
45	478
45	479
46	130
46	131
46	132
46	133
46	135
46	136
46	478
46	479
47	127
47	128
47	130
47	131
47	132
47	133
47	478
47	479
48	125
48	126
48	127
48	128
48	130
48	131
48	478
48	479
49	123
49	124
49	125
49	126
49	127
49	128
49	478
49	479
49	491
50	121
50	122
50	123
50	124
50	125
50	126
50	478
50	479
50	491
51	120
51	121
51	122
51	123
51	124
51	478
51	479
51	491
52	118
52	119
52	120
52	121
52	122
52	478
52	479
52	491
53	116
53	117
53	118
53	119
53	120
53	121
53	199
53	478
53	479
53	491
54	115
54	116
54	117
54	118
54	119
54	199
54	200
54	478
54	479
54	491
55	114
55	115
55	116
55	117
55	199
55	200
55	201
55	202
55	478
55	479
55	491
55	501
56	112
56	113
56	114
56	115
56	116
56	201
56	202
56	203
56	204
56	478
56	479
56	491
56	501
57	111
57	112
57	113
57	114
57	115
57	203
57	204
57	205
57	478
57	479
57	491
57	500
57	501
58	110
58	111
58	112
58	113
58	204
58	205
58	206
58	207
58	478
58	479
58	491
58	500
58	501
59	109
59	110
59	111
59	112
59	206
59	207
59	208
59	478
59	479
59	491
59	500
59	501
60	107
60	108
60	109
60	110
60	111
60	207
60	208
60	209
60	210
60	478
60	479
60	491
60	500
60	501
61	106
61	107
61	108
61	109
61	110
61	209
61	210
61	211
61	478
61	479
61	491
61	500
61	501
62	105
62	106
62	107
62	108
62	210
62	211
62	212
62	478
62	479
62	491
62	500
62	501
63	104
63	105
63	106
63	107
63	211
63	212
63	213
63	478
63	479
63	480
63	490
63	491
63	500
63	501
64	103
64	104
64	105
64	106
64	212
64	213
64	214
64	478
64	479
64	480
64	490
64	491
64	492
64	500
64	501
65	102
65	103
65	104
65	105
65	213
65	214
65	215
65	479
65	480
65	490
65	491
65	492
65	500
65	501
66	101
66	102
66	103
66	104
66	214
66	215
66	216
66	479
66	480
66	491
66	492
66	500
66	501
67	101
67	102
67	103
67	215
67	216
67	479
67	480
67	491
67	492
67	500
67	501
68	100
68	101
68	102
68	215
68	216
68	217
68	479
68	480
68	491
68	492
68	500
68	501
69	99
69	100
69	101
69	102
69	216
69	217
69	218
69	479
69	480
69	491
69	492
69	500
69	501
70	98
70	99
70	100
70	101
70	217
70	218
70	219
70	479
70	480
70	491
70	492
70	500
70	501
71	97
71	98
71	99
71	100
71	217
71	218
71	219
71	479
71	480
71	491
71	492
71	500
71	501
72	96
72	97
72	98
72	99
72	218
72	219
72	479
72	480
72	491
72	492
72	500
72	501
72	502
73	96
73	97
73	98
73	218
73	219
73	479
73	480
73	491
73	492
73	500
73	501
73	502
74	95
74	96
74	97
74	214
74	215
74	218
74	219
74	479
74	480
74	491
74	492
74	501
74	502
75	94
75	95
75	96
75	97
75	214
75	215
75	218
75	219
75	479
75	480
75	491
75	492
75	501
75	502
76	94
76	95
76	96
76	214
76	215
76	479
76	480
76	491
76	492
76	501
76	502
77	93
77	94
77	95
77	214
77	215
77	479
77	480
77	491
77	492
77	501
77	502
78	93
78	94
78	95
78	214
78	215
78	479
78	480
78	491
78	492
78	501
78	502
79	92
79	93
79	94
79	213
79	214
79	215
79	479
79	480
79	491
79	492
79	501
79	502
80	91
80	92
80	93
80	94
80	210
80	211
80	213
80	214
80	215
80	479
80	480
80	491
80	492
80	500
80	501
80	502
81	91
81	92
81	93
81	210
81	211
81	213
81	214
81	479
81	480
81	491
81	492
81	500
81	501
81	502
82	90
82	91
82	92
82	210
82	211
82	479
82	480
82	491
82	492
82	500
82	501
83	90
83	91
83	92
83	207
83	208
83	210
83	211
83	479
83	480
83	491
83	492
83	500
83	501
84	89
84	90
84	91
84	207
84	208
84	210
84	211
84	479
84	480
84	491
84	492
84	500
84	501
85	89
85	90
85	91
85	207
85	208
85	211
85	479
85	480
85	491
85	492
85	500
85	501
86	88
86	89
86	90
86	207
86	208
86	479
86	480
86	491
86	492
86	500
86	501
87	88
87	89
87	90
87	206
87	207
87	208
87	479
87	480
87	491
87	492
87	500
87	501
88	87
88	88
88	89
88	205
88	206
88	207
88	208
88	479
88	480
88	491
88	492
88	500
88	501
89	87
89	88
89	89
89	202
89	203
89	205
89	206
89	207
89	479
89	480
89	491
89	492
89	500
89	501
90	87
90	88
90	202
90	203
90	205
90	206
90	479
90	480
90	491
90	492
90	500
90	501
91	86
91	87
91	88
91	202
91	203
91	479
91	480
91	491
91	492
91	500
91	501
92	86
92	87
92	88
92	202
92	203
92	479
92	480
92	491
92	492
92	500
92	501
93	85
93	86
93	87
93	201
93	202
93	203
93	479
93	480
93	491
93	492
93	500
93	501
94	85
94	86
94	87
94	163
94	164
94	200
94	201
94	202
94	203
94	479
94	480
94	491
94	492
94	500
94	501
95	85
95	86
95	163
95	164
95	169
95	170
95	197
95	198
95	200
95	201
95	202
95	479
95	480
95	491
95	492
95	500
95	501
96	84
96	85
96	86
96	163
96	164
96	169
96	170
96	171
96	172
96	197
96	198
96	200
96	201
96	479
96	480
96	491
96	492
96	500
96	501
97	84
97	85
97	86
97	169
97	170
97	171
97	172
97	173
97	174
97	197
97	198
97	479
97	480
97	491
97	492
97	500
97	501
98	84
98	85
98	171
98	172
98	173
98	174
98	175
98	176
98	197
98	198
98	479
98	480
98	491
98	492
98	500
98	501
99	84
99	85
99	173
99	174
99	175
99	176
99	177
99	196
99	197
99	198
99	479
99	480
99	491
99	492
99	500
99	501
100	83
100	84
100	85
100	175
100	176
100	177
100	178
100	193
100	194
100	196
100	197
100	198
100	479
100	480
100	491
100	492
100	500
100	501
101	83
101	84
101	85
101	176
101	177
101	178
101	179
101	193
101	194
101	196
101	197
101	479
101	480
101	491
101	492
101	500
101	501
102	83
102	84
102	177
102	178
102	179
102	180
102	193
102	194
102	479
102	480
102	491
102	492
102	500
102	501
103	83
103	84
103	178
103	179
103	180
103	181
103	192
103	193
103	194
103	479
103	480
103	491
103	492
103	500
103	501
104	83
104	84
104	179
104	180
104	181
104	182
104	192
104	193
104	194
104	479
104	480
104	491
104	492
104	500
104	501
105	82
105	83
105	84
105	180
105	181
105	182
105	191
105	192
105	193
105	479
105	480
105	491
105	492
105	500
105	501
106	82
106	83
106	84
106	181
106	182
106	183
106	191
106	192
106	193
106	479
106	480
106	491
106	492
106	500
107	82
107	83
107	181
107	182
107	183
107	191
107	192
107	479
107	480
107	491
107	492
107	500
108	82
108	83
108	182
108	183
108	184
108	479
108	480
108	491
108	492
108	500
109	82
109	83
109	182
109	183
109	184
109	479
109	480
109	491
109	492
109	500
110	82
110	83
110	183
110	184
110	479
110	480
110	491
110	492
110	500
111	82
111	83
111	183
111	184
111	185
111	479
111	480
111	491
111	492
111	500
112	81
112	82
112	83
112	183
112	184
112	185
112	479
112	480
112	491
112	492
112	500
112	501
113	81
113	82
113	83
113	184
113	185
113	479
113	480
113	491
113	492
113	500
113	501
114	81
114	82
114	184
114	185
114	479
114	480
114	491
114	492
114	500
114	501
115	81
115	82
115	184
115	185
115	479
115	480
115	491
115	492
115	500
115	501
116	81
116	82
116	184
116	185
116	479
116	480
116	491
116	492
116	500
116	501
117	81
117	82
117	184
117	185
117	479
117	480
117	491
117	492
117	500
117	501
118	81
118	82
118	184
118	185
118	479
118	480
118	491
118	492
118	500
118	501
119	81
119	82
119	184
119	185
119	479
119	480
119	491
119	492
119	500
119	501
120	81
120	82
120	184
120	185
120	479
120	480
120	491
120	492
120	500
120	501
121	81
121	82
121	184
121	185
121	479
121	480
121	491
121	492
121	500
121	501
122	81
122	82
122	184
122	185
122	479
122	480
122	491
122	492
122	500
122	501
123	81
123	82
123	184
123	185
123	479
123	480
123	491
123	492
123	500
123	501
124	81
124	82
124	184
124	185
124	479
124	480
124	491
124	492
124	500
124	501
125	81
125	82
125	183
125	184
125	185
125	479
125	480
125	491
125	492
125	500
125	501
126	81
126	82
126	183
126	184
126	185
126	479
126	480
126	491
126	492
126	500
126	501
127	81
127	82
127	83
127	183
127	184
127	479
127	480
127	491
127	492
127	500
127	501
128	81
128	82
128	83
128	182
128	183
128	184
128	479
128	480
128	491
128	492
128	500
128	501
129	82
129	83
129	182
129	183
129	184
129	479
129	480
129	491
129	492
129	500
129	501
130	82
130	83
130	182
130	183
130	479
130	480
130	491
130	492
130	500
130	501
131	82
131	83
131	181
131	182
131	183
131	479
131	480
131	491
131	492
131	500
131	501
132	82
132	83
132	180
132	181
132	182
132	183
132	479
132	480
132	491
132	492
132	500
132	501
133	82
133	83
133	131
133	132
133	180
133	181
133	182
133	479
133	480
133	491
133	492
133	500
133	501
134	82
134	83
134	84
134	131
134	132
134	133
134	179
134	180
134	181
134	479
134	480
134	491
134	492
134	500
134	501
134	519
135	82
135	83
135	84
135	131
135	132
135	133
135	134
135	178
135	179
135	180
135	181
135	479
135	480
135	491
135	492
135	493
135	500
135	501
135	502
135	519
136	83
136	84
136	132
136	133
136	134
136	135
136	177
136	178
136	179
136	180
136	479
136	480
136	491
136	492
136	493
136	500
136	501
136	502
136	519
137	83
137	84
137	133
137	134
137	135
137	136
137	176
137	177
137	178
137	179
137	479
137	480
137	492
137	493
137	501
137	502
137	519
138	83
138	84
138	134
138	135
138	136
138	137
138	175
138	176
138	177
138	178
138	479
138	480
138	492
138	493
138	501
138	502
139	83
139	84
139	85
139	135
139	136
139	137
139	138
139	174
139	175
139	176
139	177
139	479
139	480
139	492
139	493
139	501
139	502
140	83
140	84
140	85
140	136
140	137
140	138
140	139
140	173
140	174
140	175
140	176
140	479
140	480
140	492
140	493
140	501
140	502
141	84
141	85
141	137
141	138
141	139
141	140
141	170
141	171
141	173
141	174
141	175
141	479
141	480
141	492
141	493
141	501
141	502
142	84
142	85
142	138
142	139
142	140
142	141
142	168
142	169
142	170
142	171
142	173
142	174
142	479
142	480
142	492
142	493
142	501
142	502
143	84
143	85
143	86
143	139
143	140
143	141
143	142
143	165
143	166
143	168
143	169
143	170
143	171
143	479
143	480
143	492
143	493
143	501
143	502
144	84
144	85
144	86
144	140
144	141
144	142
144	143
144	144
144	165
144	166
144	168
144	169
144	479
144	480
144	492
144	493
144	501
144	502
145	85
145	86
145	141
145	142
145	143
145	144
145	145
145	165
145	166
145	479
145	480
145	492
145	493
145	501
145	502
145	503
146	85
146	86
146	87
146	143
146	144
146	145
146	146
146	479
146	480
146	492
146	493
146	501
146	502
146	503
147	85
147	86
147	87
147	144
147	145
147	146
147	147
147	148
147	479
147	480
147	492
147	493
147	502
147	503
148	86
148	87
148	88
148	145
148	146
148	147
148	148
148	149
148	479
148	480
148	492
148	493
148	502
148	503
149	86
149	87
149	88
149	147
149	148
149	149
149	150
149	479
149	480
149	492
149	493
149	502
149	503
150	87
150	88
150	148
150	149
150	150
150	151
150	479
150	480
150	492
150	493
150	502
150	503
151	87
151	88
151	89
151	149
151	150
151	151
151	479
151	480
151	492
151	493
151	502
151	503
152	87
152	88
152	89
152	149
152	150
152	151
152	479
152	480
152	492
152	493
152	502
152	503
153	88
153	89
153	90
153	149
153	150
153	151
153	479
153	480
153	492
153	493
153	502
153	503
154	88
154	89
154	90
154	145
154	146
154	149
154	150
154	479
154	480
154	492
154	493
154	502
154	503
155	89
155	90
155	91
155	145
155	146
155	149
155	150
155	479
155	480
155	492
155	493
155	502
155	503
156	89
156	90
156	91
156	145
156	146
156	479
156	480
156	492
156	493
156	502
156	503
157	90
157	91
157	92
157	145
157	146
157	479
157	480
157	492
157	493
157	502
157	503
158	90
158	91
158	92
158	145
158	146
158	479
158	480
158	492
158	493
158	502
158	503
159	91
159	92
159	93
159	143
159	144
159	145
159	146
159	479
159	480
159	492
159	493
159	502
159	503
160	91
160	92
160	93
160	94
160	140
160	141
160	143
160	144
160	145
160	146
160	479
160	480
160	492
160	493
160	502
160	503
161	92
161	93
161	94
161	140
161	141
161	142
161	143
161	144
161	479
161	480
161	492
161	493
161	502
161	503
162	93
162	94
162	95
162	140
162	141
162	142
162	479
162	480
162	492
162	493
162	502
162	503
163	93
163	94
163	95
163	141
163	142
163	479
163	480
163	492
163	493
163	502
163	503
164	94
164	95
164	96
164	140
164	141
164	142
164	479
164	480
164	492
164	493
164	502
164	503
165	94
165	95
165	96
165	97
165	138
165	139
165	140
165	141
165	142
165	479
165	480
165	492
165	493
165	502
165	503
166	95
166	96
166	97
166	98
166	136
166	137
166	138
166	139
166	140
166	141
166	479
166	480
166	492
166	493
166	502
166	503
167	96
167	97
167	98
167	136
167	137
167	138
167	139
167	479
167	480
167	492
167	493
167	502
167	503
168	97
168	98
168	99
168	136
168	137
168	479
168	480
168	492
168	493
168	502
168	503
169	97
169	98
169	99
169	100
169	136
169	137
169	479
169	480
169	492
169	493
169	502
169	503
170	98
170	99
170	100
170	101
170	135
170	136
170	137
170	479
170	480
170	492
170	493
170	502
170	503
171	99
171	100
171	101
171	102
171	131
171	132
171	135
171	136
171	137
171	479
171	480
171	492
171	493
171	502
171	503
172	100
172	101
172	102
172	131
172	132
172	135
172	136
172	479
172	480
172	492
172	493
172	502
172	503
173	101
173	102
173	103
173	131
173	132
173	133
173	479
173	480
173	492
173	493
173	502
173	503
174	101
174	102
174	103
174	131
174	132
174	133
174	479
174	480
174	492
174	493
174	502
174	503
175	102
175	103
175	104
175	129
175	130
175	132
175	133
175	479
175	480
175	492
175	493
175	502
175	503
176	103
176	104
176	105
176	129
176	130
176	132
176	133
176	479
176	480
176	492
176	493
176	502
176	503
177	104
177	105
177	106
177	129
177	130
177	479
177	480
177	492
177	493
177	502
177	503
178	105
178	106
178	107
178	129
178	130
178	479
178	480
178	492
178	493
178	502
178	503
179	106
179	107
179	108
179	109
179	128
179	129
179	130
179	479
179	480
179	492
179	493
179	502
179	503
180	108
180	109
180	110
180	126
180	127
180	128
180	129
180	130
180	479
180	480
180	492
180	493
180	502
180	503
181	109
181	110
181	111
181	124
181	125
181	126
181	127
181	128
181	129
181	479
181	480
181	492
181	493
181	502
181	503
182	110
182	111
182	112
182	124
182	125
182	126
182	127
182	479
182	480
182	492
182	493
182	502
182	503
183	111
183	112
183	113
183	114
183	124
183	125
183	479
183	480
183	492
183	493
183	502
183	503
183	504
184	113
184	114
184	115
184	124
184	125
184	479
184	480
184	492
184	493
184	502
184	503
184	504
184	505
185	114
185	115
185	116
185	117
185	124
185	125
185	479
185	480
185	492
185	493
185	503
185	504
185	505
186	115
186	116
186	117
186	118
186	119
186	124
186	125
186	479
186	480
186	492
186	493
186	504
186	505
187	117
187	118
187	119
187	120
187	121
187	479
187	480
187	492
187	493
187	504
187	505
188	118
188	119
188	120
188	121
188	122
188	123
188	479
188	480
188	492
188	493
188	504
188	505
189	120
189	121
189	122
189	123
189	124
189	479
189	480
189	492
189	493
189	504
189	505
190	122
190	123
190	124
190	125
190	126
190	479
190	480
190	492
190	493
190	504
190	505
191	123
191	124
191	125
191	126
191	128
191	129
191	479
191	480
191	492
191	493
191	504
191	505
192	125
192	126
192	128
192	129
192	130
192	131
192	479
192	480
192	492
192	493
192	503
192	504
192	505
193	128
193	129
193	130
193	131
193	132
193	133
193	479
193	480
193	492
193	493
193	503
193	504
193	505
194	130
194	131
194	132
194	133
194	135
194	136
194	479
194	480
194	492
194	493
194	503
194	504
195	132
195	133
195	135
195	136
195	139
195	140
195	479
195	480
195	492
195	493
195	503
195	504
196	135
196	136
196	139
196	140
196	143
196	144
196	479
196	480
196	492
196	493
196	503
196	504
197	139
197	140
197	143
197	144
197	148
197	149
197	479
197	480
197	492
197	493
197	503
197	504
198	143
198	144
198	148
198	149
198	479
198	480
198	492
198	493
198	503
198	504
199	148
199	149
199	479
199	480
199	492
199	493
199	503
199	504
200	479
200	480
200	492
200	493
200	503
200	504
200	518
201	479
201	480
201	492
201	493
201	503
201	504
201	517
201	518
202	479
202	480
202	492
202	493
202	503
202	504
202	517
202	518
203	479
203	480
203	492
203	493
203	503
203	504
203	517
203	518
204	479
204	480
204	492
204	493
204	503
204	504
204	517
204	518
205	479
205	480
205	492
205	493
205	503
205	504
205	517
205	518
206	479
206	480
206	492
206	493
206	503
206	504
206	517
206	518
207	155
207	156
207	479
207	480
207	492
207	493
207	503
207	504
207	517
207	518
208	146
208	147
208	155
208	156
208	479
208	480
208	492
208	493
208	503
208	504
208	517
208	518
209	142
209	143
209	146
209	147
209	155
209	156
209	479
209	480
209	492
209	493
209	503
209	504
209	517
209	518
210	138
210	139
210	142
210	143
210	146
210	147
210	479
210	480
210	492
210	493
210	503
210	504
210	505
210	517
210	518
211	135
211	136
211	138
211	139
211	142
211	143
211	477
211	478
211	479
211	480
211	492
211	493
211	494
211	503
211	504
211	505
211	517
211	518
212	132
212	133
212	135
212	136
212	138
212	139
212	477
212	478
212	479
212	480
212	492
212	493
212	494
212	504
212	505
212	517
212	518
213	129
213	130
213	132
213	133
213	135
213	136
213	477
213	478
213	479
213	493
213	494
213	504
213	505
213	518
214	127
214	128
214	129
214	130
214	132
214	133
214	478
214	479
214	493
214	494
214	504
214	505
214	506
214	518
215	125
215	126
215	127
215	128
215	129
215	130
215	478
215	479
215	493
215	494
215	504
215	505
215	506
215	518
215	521
215	522
216	123
216	124
216	125
216	126
216	127
216	128
216	478
216	479
216	493
216	494
216	506
216	518
216	521
216	522
217	121
217	122
217	123
217	124
217	125
217	126
217	479
217	521
217	522
217	528
217	529
217	541
217	542
218	119
218	120
218	121
218	122
218	123
218	124
218	521
218	522
218	528
218	529
218	530
218	541
218	542
219	118
219	119
219	120
219	121
219	122
219	528
219	529
219	530
219	531
219	538
219	539
219	541
219	542
220	116
220	117
220	118
220	119
220	120
220	199
220	529
220	530
220	531
220	538
220	539
220	540
221	115
221	116
221	117
221	118
221	119
221	199
221	200
221	529
221	530
221	531
221	538
221	539
221	540
221	541
222	113
222	114
222	115
222	116
222	117
222	199
222	200
222	201
222	202
222	528
222	529
222	530
222	531
222	539
222	540
222	541
223	112
223	113
223	114
223	115
223	116
223	201
223	202
223	203
223	204
223	528
223	529
223	530
223	539
223	540
223	541
224	111
224	112
224	113
224	114
224	203
224	204
224	205
224	206
224	423
224	424
224	528
224	529
224	539
224	540
224	541
225	110
225	111
225	112
225	113
225	205
225	206
225	207
225	420
225	421
225	423
225	424
225	538
225	539
225	540
226	108
226	109
226	110
226	111
226	112
226	206
226	207
226	208
226	209
226	418
226	419
226	420
226	421
226	423
226	424
226	538
226	539
226	540
227	107
227	108
227	109
227	110
227	111
227	208
227	209
227	210
227	415
227	416
227	418
227	419
227	420
227	421
227	467
227	468
227	479
227	480
227	503
227	504
227	538
227	539
227	540
228	106
228	107
228	108
228	109
228	209
228	210
228	211
228	414
228	415
228	416
228	418
228	419
228	467
228	468
228	479
228	480
228	502
228	503
228	504
228	539
228	540
229	105
229	106
229	107
229	108
229	210
229	211
229	212
229	413
229	414
229	415
229	416
229	427
229	428
229	467
229	468
229	479
229	480
229	502
229	503
229	504
230	104
230	105
230	106
230	107
230	211
230	212
230	213
230	413
230	414
230	415
230	419
230	427
230	428
230	429
230	467
230	468
230	480
230	481
230	502
230	503
231	103
231	104
231	105
231	106
231	212
231	213
231	214
231	411
231	412
231	413
231	414
231	419
231	427
231	428
231	429
231	430
231	431
231	467
231	468
231	480
231	481
231	482
231	502
231	503
232	102
232	103
232	104
232	105
232	213
232	214
232	215
232	409
232	410
232	411
232	412
232	413
232	414
232	419
232	428
232	429
232	430
232	431
232	432
232	436
232	437
232	467
232	468
232	480
232	481
232	482
232	502
232	503
233	101
233	102
233	103
233	104
233	214
233	215
233	216
233	407
233	408
233	409
233	410
233	411
233	412
233	430
233	431
233	432
233	436
233	437
233	467
233	468
233	481
233	482
233	502
233	503
233	504
234	100
234	101
234	102
234	103
234	215
234	216
234	404
234	405
234	407
234	408
234	409
234	410
234	431
234	432
234	436
234	437
234	438
234	467
234	468
234	502
234	503
234	504
235	100
235	101
235	102
235	215
235	216
235	217
235	403
235	404
235	405
235	407
235	408
235	432
235	436
235	437
235	438
235	439
235	467
235	468
235	503
235	504
236	99
236	100
236	101
236	216
236	217
236	218
236	402
236	403
236	404
236	405
236	437
236	438
236	439
236	440
236	467
236	468
236	502
236	503
236	504
237	98
237	99
237	100
237	101
237	217
237	218
237	219
237	399
237	400
237	402
237	403
237	404
237	421
237	438
237	439
237	440
237	467
237	468
237	502
237	503
237	504
238	97
238	98
238	99
238	100
238	218
238	219
238	394
238	395
238	399
238	400
238	402
238	403
238	421
238	439
238	440
238	441
238	467
238	468
238	469
238	478
238	479
238	502
238	503
239	96
239	97
239	98
239	99
239	218
239	219
239	390
239	391
239	394
239	395
239	399
239	400
239	421
239	439
239	440
239	441
239	442
239	467
239	468
239	469
239	470
239	478
239	479
239	502
239	503
240	96
240	97
240	98
240	218
240	219
240	387
240	388
240	390
240	391
240	394
240	395
240	440
240	441
240	442
240	443
240	468
240	469
240	470
240	471
240	478
240	479
240	502
240	503
241	95
241	96
241	97
241	214
241	215
241	218
241	219
241	385
241	386
241	387
241	388
241	390
241	391
241	414
241	441
241	442
241	443
241	444
241	469
241	470
241	471
241	472
241	473
241	479
241	502
241	503
242	94
242	95
242	96
242	97
242	214
242	215
242	218
242	219
242	381
242	382
242	385
242	386
242	387
242	388
242	414
242	442
242	443
242	444
242	445
242	446
242	470
242	471
242	472
242	473
242	474
242	502
242	503
243	94
243	95
243	96
243	214
243	215
243	380
243	381
243	382
243	385
243	386
243	414
243	421
243	443
243	444
243	445
243	446
243	447
243	448
243	472
243	473
243	474
243	502
243	503
244	93
244	94
244	95
244	214
244	215
244	379
244	380
244	381
244	382
244	414
244	421
244	445
244	446
244	447
244	448
244	449
244	473
244	474
244	481
244	502
244	503
245	92
245	93
245	94
245	95
245	214
245	215
245	379
245	380
245	381
245	414
245	421
245	447
245	448
245	449
245	473
245	474
245	480
245	481
245	502
245	503
246	92
246	93
246	94
246	211
246	212
246	214
246	215
246	379
246	380
246	412
246	413
246	414
246	421
246	448
246	449
246	473
246	474
246	480
246	481
246	502
246	503
247	91
247	92
247	93
247	210
247	211
247	212
247	214
247	215
247	379
247	380
247	381
247	412
247	413
247	421
247	448
247	449
247	473
247	474
247	480
247	481
247	502
247	503
248	91
248	92
248	93
248	210
248	211
248	212
248	379
248	380
248	381
248	412
248	413
248	421
248	448
248	449
248	470
248	471
248	473
248	474
248	480
248	481
248	502
248	503
249	90
249	91
249	92
249	210
249	211
249	379
249	380
249	381
249	448
249	449
249	470
249	471
249	473
249	474
249	502
249	503
250	90
250	91
250	92
250	207
250	208
250	210
250	211
250	378
250	379
250	380
250	381
250	448
250	449
250	470
250	471
250	472
250	473
250	474
250	502
250	503
251	89
251	90
251	91
251	207
251	208
251	210
251	211
251	378
251	379
251	380
251	448
251	449
251	472
251	473
251	474
251	477
251	478
251	502
251	503
252	89
252	90
252	91
252	207
252	208
252	378
252	379
252	448
252	449
252	473
252	474
252	477
252	478
252	479
252	480
252	502
252	503
253	88
253	89
253	90
253	207
253	208
253	377
253	378
253	379
253	398
253	399
253	448
253	449
253	477
253	478
253	479
253	480
253	502
253	503
254	88
254	89
254	90
254	206
254	207
254	208
254	376
254	377
254	378
254	379
254	398
254	399
254	448
254	449
254	450
254	470
254	471
254	478
254	479
254	480
254	502
254	503
255	87
255	88
255	89
255	206
255	207
255	208
255	371
255	372
255	376
255	377
255	378
255	397
255	398
255	399
255	448
255	449
255	450
255	469
255	470
255	471
255	478
255	479
255	480
255	502
255	503
256	87
256	88
256	89
256	202
256	203
256	206
256	207
256	368
256	369
256	371
256	372
256	376
256	377
256	396
256	397
256	398
256	449
256	450
256	469
256	470
256	471
256	478
256	479
256	480
256	481
256	502
256	503
257	87
257	88
257	202
257	203
257	206
257	207
257	364
257	365
257	368
257	369
257	371
257	372
257	395
257	396
257	449
257	450
257	469
257	470
257	471
257	479
257	480
257	481
257	502
257	503
258	86
258	87
258	88
258	202
258	203
258	331
258	332
258	335
258	336
258	341
258	342
258	364
258	365
258	368
258	369
258	392
258	393
258	394
258	395
258	449
258	450
258	451
258	470
258	471
258	480
258	481
258	502
258	503
259	86
259	87
259	88
259	202
259	203
259	315
259	319
259	320
259	331
259	332
259	335
259	336
259	341
259	342
259	364
259	365
259	392
259	393
259	394
259	449
259	450
259	451
259	470
259	471
259	472
259	480
259	481
259	502
259	503
260	85
260	86
260	87
260	161
260	162
260	201
260	202
260	203
260	315
260	319
260	320
260	331
260	332
260	335
260	336
260	341
260	342
260	389
260	390
260	392
260	393
260	450
260	451
260	470
260	471
260	472
260	473
260	478
260	479
260	480
260	481
260	502
260	503
261	85
261	86
261	87
261	161
261	162
261	167
261	168
261	200
261	201
261	202
261	203
261	315
261	319
261	320
261	322
261	323
261	389
261	390
261	450
261	451
261	471
261	472
261	473
261	477
261	478
261	479
261	480
261	481
261	502
261	503
262	85
262	86
262	161
262	162
262	167
262	168
262	170
262	171
262	197
262	198
262	200
262	201
262	202
262	315
262	319
262	320
262	322
262	323
262	329
262	330
262	342
262	343
262	450
262	451
262	472
262	473
262	477
262	478
262	479
262	502
262	503
263	84
263	85
263	86
263	167
263	168
263	170
263	171
263	172
263	173
263	197
263	198
263	200
263	201
263	322
263	323
263	329
263	330
263	342
263	343
263	346
263	347
263	450
263	451
263	472
263	473
263	477
263	478
263	502
263	503
264	84
264	85
264	86
264	170
264	171
264	172
264	173
264	174
264	175
264	197
264	198
264	329
264	330
264	342
264	343
264	346
264	347
264	352
264	353
264	450
264	451
264	472
264	473
264	474
264	477
264	478
264	502
264	503
265	84
265	85
265	172
265	173
265	174
265	175
265	176
265	197
265	198
265	346
265	347
265	352
265	353
265	359
265	360
265	450
265	451
265	472
265	473
265	474
265	475
265	480
265	481
265	502
265	503
266	84
266	85
266	174
266	175
266	176
266	177
266	196
266	197
266	198
266	352
266	353
266	359
266	360
266	368
266	369
266	450
266	451
266	473
266	474
266	475
266	480
266	481
266	482
266	502
266	503
267	83
267	84
267	85
267	175
267	176
267	177
267	178
267	179
267	193
267	194
267	196
267	197
267	198
267	359
267	360
267	368
267	369
267	370
267	450
267	451
267	474
267	475
267	480
267	481
267	482
267	502
267	503
268	83
268	84
268	85
268	176
268	177
268	178
268	179
268	180
268	193
268	194
268	196
268	197
268	368
268	369
268	370
268	371
268	372
268	450
268	451
268	473
268	474
268	481
268	482
268	502
268	503
269	83
269	84
269	178
269	179
269	180
269	193
269	194
269	369
269	370
269	371
269	372
269	374
269	375
269	382
269	383
269	450
269	451
269	452
269	473
269	474
269	481
269	482
269	502
269	503
270	83
270	84
270	179
270	180
270	181
270	193
270	194
270	371
270	372
270	374
270	375
270	378
270	379
270	382
270	383
270	450
270	451
270	452
270	473
270	474
270	481
270	482
270	502
270	503
271	83
271	84
271	179
271	180
271	181
271	182
271	192
271	193
271	194
271	374
271	375
271	378
271	379
271	382
271	383
271	451
271	452
271	453
271	480
271	481
271	482
271	502
271	503
272	82
272	83
272	84
272	180
272	181
272	182
272	183
272	191
272	192
272	193
272	194
272	378
272	379
272	451
272	452
272	453
272	480
272	481
272	482
272	502
272	503
273	82
273	83
273	84
273	181
273	182
273	183
273	191
273	192
273	193
273	379
273	448
273	452
273	453
273	480
273	481
273	482
273	502
273	503
274	82
274	83
274	182
274	183
274	184
274	191
274	192
274	448
274	452
274	453
274	480
274	481
274	482
274	502
274	503
275	82
275	83
275	182
275	183
275	184
275	448
275	452
275	453
275	481
275	482
275	502
275	503
276	82
276	83
276	183
276	184
276	185
276	452
276	453
276	454
276	481
276	482
276	502
276	503
277	82
277	83
277	183
277	184
277	185
277	452
277	453
277	454
277	476
277	481
277	482
277	486
277	502
277	503
278	82
278	83
278	184
278	185
278	453
278	454
278	455
278	475
278	476
278	482
278	483
278	486
278	487
278	502
278	503
279	81
279	82
279	83
279	184
279	185
279	186
279	453
279	454
279	455
279	475
279	476
279	482
279	483
279	487
279	502
279	503
280	81
280	82
280	83
280	184
280	185
280	186
280	453
280	454
280	455
280	475
280	482
280	483
280	484
280	487
280	502
280	503
281	81
281	82
281	185
281	186
281	452
281	453
281	454
281	483
281	484
281	487
281	502
281	503
282	81
282	82
282	185
282	186
282	452
282	453
282	454
282	502
282	503
283	81
283	82
283	185
283	186
283	187
283	452
283	453
283	502
283	503
284	81
284	82
284	185
284	186
284	187
284	452
284	453
284	454
284	502
284	503
285	81
285	82
285	186
285	187
285	452
285	453
285	454
285	484
285	485
285	502
285	503
286	81
286	82
286	186
286	187
286	453
286	454
286	484
286	485
286	502
286	503
287	81
287	82
287	186
287	187
287	453
287	454
287	484
287	485
287	502
287	503
288	81
288	82
288	186
288	187
288	453
288	454
288	484
288	485
288	502
288	503
289	81
289	82
289	186
289	187
289	453
289	454
289	482
289	483
289	484
289	485
289	502
289	503
290	81
290	82
290	185
290	186
290	187
290	453
290	454
290	481
290	482
290	483
290	484
290	485
290	502
290	503
291	81
291	82
291	185
291	186
291	187
291	453
291	454
291	480
291	481
291	482
291	483
291	502
291	503
292	81
292	82
292	185
292	186
292	453
292	454
292	480
292	481
292	482
292	502
292	503
293	81
293	82
293	83
293	185
293	186
293	453
293	454
293	480
293	481
293	502
293	503
294	81
294	82
294	83
294	184
294	185
294	186
294	452
294	453
294	454
294	480
294	481
294	502
294	503
295	82
295	83
295	184
295	185
295	186
295	452
295	453
295	454
295	480
295	481
295	502
295	503
296	82
296	83
296	184
296	185
296	452
296	453
296	480
296	481
296	482
296	485
296	502
296	503
297	82
297	83
297	183
297	184
297	185
297	452
297	453
297	480
297	481
297	482
297	484
297	485
297	502
297	503
298	82
298	83
298	183
298	184
298	185
298	452
298	453
298	481
298	482
298	484
298	485
298	502
298	503
299	82
299	83
299	182
299	183
299	184
299	452
299	453
299	484
299	485
299	486
299	502
299	503
300	82
300	83
300	132
300	133
300	182
300	183
300	184
300	452
300	453
300	484
300	485
300	486
300	502
300	503
301	82
301	83
301	84
301	132
301	133
301	181
301	182
301	183
301	452
301	453
301	485
301	486
301	487
301	502
301	503
302	82
302	83
302	84
302	132
302	133
302	134
302	180
302	181
302	182
302	183
302	452
302	453
302	454
302	485
302	486
302	487
302	502
302	503
303	83
303	84
303	132
303	133
303	134
303	135
303	180
303	181
303	182
303	452
303	453
303	454
303	486
303	487
303	502
303	503
304	83
304	84
304	133
304	134
304	135
304	136
304	179
304	180
304	181
304	453
304	454
304	486
304	487
304	502
304	503
305	83
305	84
305	134
305	135
305	136
305	137
305	178
305	179
305	180
305	181
305	452
305	453
305	454
305	486
305	487
305	502
305	503
306	83
306	84
306	85
306	135
306	136
306	137
306	138
306	177
306	178
306	179
306	180
306	451
306	452
306	453
306	454
306	486
306	487
306	502
306	503
307	83
307	84
307	85
307	136
307	137
307	138
307	139
307	176
307	177
307	178
307	179
307	451
307	452
307	453
307	486
307	487
307	502
307	503
308	84
308	85
308	137
308	138
308	139
308	140
308	174
308	175
308	176
308	177
308	178
308	451
308	452
308	453
308	487
308	502
308	503
308	504
309	84
309	85
309	86
309	138
309	139
309	140
309	141
309	172
309	173
309	174
309	175
309	176
309	177
309	451
309	452
309	453
309	454
309	455
309	487
309	502
309	503
309	504
310	84
310	85
310	86
310	139
310	140
310	141
310	142
310	170
310	171
310	172
310	173
310	174
310	175
310	452
310	453
310	454
310	455
310	487
310	503
310	504
311	85
311	86
311	140
311	141
311	142
311	143
311	144
311	168
311	169
311	170
311	171
311	172
311	173
311	454
311	455
311	487
311	502
311	503
311	504
312	85
312	86
312	141
312	142
312	143
312	144
312	145
312	164
312	165
312	168
312	169
312	170
312	171
312	454
312	455
312	487
312	502
312	503
312	504
313	85
313	86
313	87
313	143
313	144
313	145
313	146
313	164
313	165
313	168
313	169
313	453
313	454
313	455
313	502
313	503
314	85
314	86
314	87
314	144
314	145
314	146
314	147
314	148
314	164
314	165
314	453
314	454
314	455
314	502
314	503
315	86
315	87
315	88
315	145
315	146
315	147
315	148
315	149
315	452
315	453
315	454
315	502
315	503
316	86
316	87
316	88
316	147
316	148
316	149
316	150
316	151
316	452
316	453
316	454
316	502
316	503
317	87
317	88
317	89
317	117
317	148
317	149
317	150
317	151
317	152
317	452
317	453
317	487
317	502
317	503
318	87
318	88
318	89
318	117
318	150
318	151
318	152
318	452
318	453
318	454
318	486
318	487
318	502
318	503
319	88
319	89
319	117
319	150
319	151
319	152
319	452
319	453
319	454
319	455
319	486
319	487
319	502
319	503
319	504
320	88
320	89
320	90
320	149
320	150
320	151
320	453
320	454
320	455
320	456
320	486
320	487
320	502
320	503
320	504
321	88
321	89
321	90
321	145
321	146
321	149
321	150
321	151
321	454
321	455
321	456
321	486
321	487
321	488
321	503
321	504
322	89
322	90
322	91
322	145
322	146
322	149
322	150
322	455
322	456
322	487
322	488
322	503
322	504
323	89
323	90
323	91
323	145
323	146
323	453
323	454
323	455
323	456
323	487
323	488
323	503
323	504
324	90
324	91
324	92
324	145
324	146
324	451
324	452
324	453
324	454
324	455
324	456
324	487
324	488
324	503
324	504
325	90
325	91
325	92
325	145
325	146
325	451
325	452
325	453
325	454
325	503
325	504
326	91
326	92
326	93
326	140
326	141
326	145
326	146
326	451
326	452
326	453
326	503
326	504
327	91
327	92
327	93
327	94
327	140
327	141
327	145
327	146
327	451
327	452
327	453
327	503
327	504
328	92
328	93
328	94
328	140
328	141
328	142
328	451
328	452
328	453
328	503
328	504
329	93
329	94
329	95
329	140
329	141
329	142
329	451
329	452
329	503
329	504
330	93
330	94
330	95
330	96
330	141
330	142
330	451
330	452
330	503
330	504
331	94
331	95
331	96
331	140
331	141
331	142
331	451
331	452
331	503
331	504
332	95
332	96
332	97
332	138
332	139
332	140
332	141
332	142
332	451
332	452
332	503
332	504
333	95
333	96
333	97
333	98
333	136
333	137
333	138
333	139
333	140
333	141
333	451
333	452
333	453
333	503
333	504
334	96
334	97
334	98
334	136
334	137
334	138
334	139
334	451
334	452
334	453
334	454
334	503
334	504
335	97
335	98
335	99
335	136
335	137
335	138
335	452
335	453
335	454
335	503
335	504
336	97
336	98
336	99
336	100
336	136
336	137
336	138
336	453
336	454
336	503
336	504
337	98
337	99
337	100
337	101
337	135
337	136
337	137
337	138
337	452
337	453
337	454
337	503
337	504
338	99
338	100
338	101
338	102
338	131
338	132
338	135
338	136
338	137
338	452
338	453
338	454
338	503
338	504
339	100
339	101
339	102
339	131
339	132
339	135
339	136
339	452
339	453
339	503
339	504
340	101
340	102
340	103
340	131
340	132
340	133
340	452
340	453
340	503
340	504
341	102
341	103
341	104
341	131
341	132
341	133
341	452
341	453
341	503
341	504
342	103
342	104
342	129
342	130
342	132
342	133
342	452
342	453
342	488
342	503
342	504
343	103
343	104
343	105
343	106
343	129
343	130
343	132
343	133
343	452
343	453
343	488
343	503
343	504
344	105
344	106
344	107
344	129
344	130
344	452
344	453
344	454
344	488
344	503
344	504
345	106
345	107
345	108
345	129
345	130
345	452
345	453
345	454
345	488
345	503
345	504
346	107
346	108
346	109
346	128
346	129
346	130
346	451
346	452
346	453
346	454
346	503
346	504
347	108
347	109
347	110
347	125
347	126
347	128
347	129
347	130
347	451
347	452
347	453
347	502
347	503
347	504
348	109
348	110
348	111
348	124
348	125
348	126
348	128
348	129
348	451
348	452
348	502
348	503
348	504
349	110
349	111
349	112
349	124
349	125
349	126
349	451
349	452
349	502
349	503
350	111
350	112
350	113
350	114
350	124
350	125
350	451
350	452
350	453
350	502
350	503
350	504
351	113
351	114
351	115
351	124
351	125
351	451
351	452
351	453
351	502
351	503
351	504
352	114
352	115
352	116
352	117
352	124
352	125
352	452
352	453
352	503
352	504
353	115
353	116
353	117
353	118
353	119
353	124
353	125
353	452
353	453
353	503
353	504
354	117
354	118
354	119
354	120
354	121
354	452
354	453
354	503
354	504
355	118
355	119
355	120
355	121
355	122
355	123
355	452
355	453
355	503
355	504
356	120
356	121
356	122
356	123
356	124
356	125
356	452
356	453
356	503
356	504
357	122
357	123
357	124
357	125
357	126
357	127
357	452
357	453
357	503
357	504
358	124
358	125
358	126
358	127
358	128
358	129
358	452
358	453
358	503
358	504
359	126
359	127
359	128
359	129
359	130
359	131
359	452
359	453
359	503
359	504
360	128
360	129
360	130
360	131
360	133
360	134
360	452
360	453
360	503
360	504
361	130
361	131
361	133
361	134
361	136
361	137
361	452
361	453
361	503
361	504
362	133
362	134
362	136
362	137
362	139
362	140
362	383
362	451
362	452
362	453
362	503
362	504
363	136
363	137
363	139
363	140
363	143
363	144
363	382
363	383
363	451
363	452
363	453
363	503
363	504
364	139
364	140
364	143
364	144
364	150
364	151
364	382
364	383
364	450
364	451
364	452
364	503
364	504
365	143
365	144
365	150
365	151
365	382
365	383
365	450
365	451
365	452
365	503
365	504
366	150
366	151
366	382
366	383
366	450
366	451
366	452
366	503
366	504
367	382
367	383
367	451
367	452
367	503
367	504
368	451
368	452
368	503
368	504
369	451
369	452
369	503
369	504
370	451
370	452
370	503
370	504
371	451
371	452
371	453
371	503
371	504
372	451
372	452
372	453
372	454
372	503
372	504
373	452
373	453
373	454
373	487
373	503
373	504
374	452
374	453
374	454
374	487
374	503
374	504
375	452
375	453
375	454
375	487
375	503
375	504
376	150
376	151
376	452
376	453
376	487
376	503
376	504
377	144
377	145
377	150
377	151
377	452
377	453
377	503
377	504
378	139
378	140
378	144
378	145
378	150
378	151
378	449
378	452
378	453
378	503
378	504
379	136
379	137
379	139
379	140
379	144
379	145
379	449
379	450
379	452
379	453
379	503
379	504
380	133
380	134
380	136
380	137
380	139
380	140
380	449
380	450
380	452
380	453
380	503
380	504
381	130
381	131
381	133
381	134
381	136
381	137
381	449
381	450
381	452
381	453
381	503
381	504
382	128
382	129
382	130
382	131
382	133
382	134
382	381
382	382
382	449
382	452
382	453
382	488
382	503
382	504
383	125
383	126
383	128
383	129
383	130
383	131
383	380
383	381
383	382
383	452
383	453
383	488
383	503
383	504
384	123
384	124
384	125
384	126
384	128
384	129
384	380
384	381
384	382
384	451
384	452
384	453
384	488
384	503
384	504
385	121
385	122
385	123
385	124
385	125
385	126
385	380
385	381
385	451
385	452
385	453
385	503
385	504
386	120
386	121
386	122
386	123
386	124
386	379
386	380
386	381
386	451
386	452
386	503
386	504
387	118
387	119
387	120
387	121
387	122
387	379
387	380
387	381
387	450
387	451
387	452
387	503
387	504
388	116
388	117
388	118
388	119
388	120
388	121
388	197
388	379
388	380
388	381
388	450
388	451
388	452
388	503
388	504
389	115
389	116
389	117
389	118
389	119
389	197
389	198
389	199
389	379
389	380
389	381
389	382
389	450
389	451
389	503
389	504
389	505
390	113
390	114
390	115
390	116
390	117
390	197
390	198
390	199
390	200
390	380
390	381
390	382
390	450
390	451
390	503
390	504
390	505
391	112
391	113
391	114
391	115
391	116
391	199
391	200
391	201
391	202
391	379
391	380
391	381
391	382
391	450
391	451
391	452
391	504
391	505
392	111
392	112
392	113
392	114
392	201
392	202
392	203
392	204
392	378
392	379
392	380
392	381
392	450
392	451
392	452
392	504
392	505
392	511
392	512
393	109
393	110
393	111
393	112
393	113
393	203
393	204
393	205
393	378
393	379
393	380
393	451
393	452
393	504
393	505
393	511
393	512
393	513
394	108
394	109
394	110
394	111
394	112
394	204
394	205
394	206
394	207
394	378
394	379
394	450
394	451
394	452
394	504
394	505
394	511
394	512
394	513
394	514
395	107
395	108
395	109
395	110
395	206
395	207
395	208
395	377
395	378
395	379
395	450
395	451
395	452
395	504
395	505
395	506
395	512
395	513
395	514
396	106
396	107
396	108
396	109
396	207
396	208
396	209
396	377
396	378
396	379
396	450
396	451
396	504
396	505
396	506
396	513
396	514
396	515
397	105
397	106
397	107
397	108
397	208
397	209
397	210
397	211
397	376
397	377
397	378
397	450
397	451
397	505
397	506
397	513
397	514
397	515
398	104
398	105
398	106
398	107
398	210
398	211
398	212
398	376
398	377
398	378
398	450
398	451
398	505
398	506
398	514
398	515
399	103
399	104
399	105
399	106
399	211
399	212
399	213
399	376
399	377
399	378
399	450
399	451
399	452
399	505
399	506
399	514
399	515
399	516
399	517
400	102
400	103
400	104
400	105
400	212
400	213
400	214
400	376
400	377
400	378
400	450
400	451
400	452
400	453
400	505
400	506
400	514
400	515
400	516
400	517
400	518
401	101
401	102
401	103
401	104
401	213
401	214
401	375
401	376
401	377
401	378
401	451
401	452
401	453
401	516
401	517
401	518
401	519
402	100
402	101
402	102
402	103
402	213
402	214
402	215
402	375
402	376
402	377
402	452
402	453
402	517
402	518
402	519
403	99
403	100
403	101
403	102
403	214
403	215
403	216
403	375
403	376
403	452
403	453
403	518
403	519
404	98
404	99
404	100
404	101
404	215
404	216
404	217
404	375
404	376
404	452
404	453
404	454
404	518
404	519
405	98
405	99
405	100
405	216
405	217
405	218
405	374
405	375
405	376
405	452
405	453
405	454
405	518
405	519
405	520
406	97
406	98
406	99
406	216
406	217
406	218
406	373
406	374
406	375
406	376
406	453
406	454
406	518
406	519
406	520
407	96
407	97
407	98
407	99
407	217
407	218
407	371
407	372
407	373
407	374
407	375
407	453
407	454
407	519
407	520
408	95
408	96
408	97
408	98
408	217
408	218
408	369
408	370
408	371
408	372
408	373
408	374
408	392
408	393
408	397
408	453
408	454
408	520
409	95
409	96
409	97
409	213
409	214
409	217
409	218
409	368
409	369
409	370
409	371
409	372
409	392
409	393
409	397
409	453
409	454
410	94
410	95
410	96
410	213
410	214
410	217
410	218
410	366
410	367
410	368
410	369
410	370
410	392
410	393
410	397
410	453
410	454
410	455
411	93
411	94
411	95
411	96
411	213
411	214
411	217
411	354
411	355
411	364
411	365
411	366
411	367
411	368
411	369
411	453
411	454
411	455
412	93
412	94
412	95
412	213
412	214
412	215
412	340
412	341
412	346
412	347
412	354
412	355
412	364
412	365
412	366
412	367
412	454
412	455
413	92
413	93
413	94
413	213
413	214
413	215
413	338
413	339
413	340
413	341
413	346
413	347
413	354
413	355
413	364
413	365
413	453
413	454
413	455
414	91
414	92
414	93
414	94
414	212
414	213
414	214
414	215
414	336
414	337
414	338
414	339
414	340
414	341
414	346
414	347
414	453
414	454
414	455
415	91
415	92
415	93
415	209
415	210
415	212
415	213
415	214
415	335
415	336
415	337
415	338
415	339
415	453
415	454
415	455
416	90
416	91
416	92
416	209
416	210
416	212
416	213
416	330
416	331
416	335
416	336
416	337
416	453
416	454
416	455
417	90
417	91
417	92
417	209
417	210
417	329
417	330
417	331
417	335
417	336
417	454
417	455
418	89
418	90
418	91
418	209
418	210
418	326
418	327
418	329
418	330
418	331
418	454
418	455
418	456
419	89
419	90
419	91
419	206
419	207
419	209
419	210
419	324
419	325
419	326
419	327
419	329
419	330
419	454
419	455
419	456
420	88
420	89
420	90
420	206
420	207
420	209
420	210
420	323
420	324
420	325
420	326
420	327
420	455
420	456
420	457
421	88
421	89
421	90
421	206
421	207
421	322
421	323
421	324
421	325
421	455
421	456
421	457
422	87
422	88
422	89
422	205
422	206
422	207
422	320
422	321
422	322
422	323
422	324
422	456
422	457
423	87
423	88
423	89
423	205
423	206
423	207
423	319
423	320
423	321
423	322
423	323
423	456
423	457
423	458
423	459
424	86
424	87
424	88
424	201
424	202
424	205
424	206
424	318
424	319
424	320
424	321
424	456
424	457
424	458
424	459
425	86
425	87
425	88
425	201
425	202
425	205
425	206
425	314
425	315
425	318
425	319
425	320
425	458
425	459
426	86
426	87
426	201
426	202
426	314
426	315
426	316
426	318
426	319
427	85
427	86
427	87
427	201
427	202
427	314
427	315
427	316
427	317
427	329
427	330
427	365
427	366
427	488
428	85
428	86
428	87
428	201
428	202
428	315
428	316
428	317
428	329
428	330
428	333
428	334
428	365
428	366
428	460
428	488
429	84
429	85
429	86
429	200
429	201
429	202
429	316
429	317
429	329
429	330
429	333
429	334
429	335
429	336
429	363
429	364
429	365
429	366
429	459
429	460
429	488
430	84
430	85
430	86
430	166
430	167
430	196
430	197
430	200
430	201
430	202
430	333
430	334
430	335
430	336
430	340
430	341
430	357
430	358
430	363
430	364
430	365
430	366
430	459
430	460
430	488
430	504
431	84
431	85
431	166
431	167
431	168
431	169
431	196
431	197
431	200
431	201
431	335
431	336
431	340
431	341
431	355
431	356
431	357
431	358
431	363
431	364
431	458
431	459
431	460
431	488
431	503
431	504
432	84
432	85
432	166
432	167
432	168
432	169
432	170
432	171
432	196
432	197
432	340
432	341
432	349
432	350
432	354
432	355
432	356
432	357
432	358
432	454
432	455
432	458
432	459
432	460
432	503
432	504
432	546
433	83
433	84
433	85
433	168
433	169
433	170
433	171
433	172
433	173
433	196
433	197
433	347
433	348
433	349
433	350
433	354
433	355
433	356
433	451
433	452
433	454
433	455
433	458
433	459
433	502
433	503
433	504
433	545
433	546
434	83
434	84
434	85
434	170
434	171
434	172
434	173
434	174
434	175
434	196
434	197
434	347
434	348
434	349
434	350
434	354
434	355
434	369
434	370
434	392
434	451
434	452
434	454
434	455
434	493
434	494
434	500
434	501
434	502
434	503
434	544
434	545
434	546
435	83
435	84
435	172
435	173
435	174
435	175
435	176
435	192
435	195
435	196
435	197
435	347
435	348
435	369
435	370
435	392
435	451
435	452
435	493
435	494
435	500
435	501
435	502
435	544
435	545
435	546
436	82
436	83
436	84
436	174
436	175
436	176
436	177
436	192
436	193
436	195
436	196
436	197
436	369
436	370
436	392
436	493
436	494
436	500
436	501
436	544
436	545
436	546
437	82
437	83
437	84
437	175
437	176
437	177
437	178
437	192
437	193
437	195
437	196
437	546
438	82
438	83
438	176
438	177
438	178
438	179
438	192
438	193
438	545
438	546
439	82
439	83
439	177
439	178
439	179
439	180
439	191
439	192
439	193
439	545
439	546
440	82
440	83
440	178
440	179
440	180
440	181
440	191
440	192
440	193
440	544
440	545
440	546
441	81
441	82
441	83
441	179
441	180
441	181
441	190
441	191
441	192
441	544
441	545
442	81
442	82
442	83
442	180
442	181
442	182
442	190
442	191
442	192
442	544
442	545
443	81
443	82
443	180
443	181
443	182
443	190
443	191
444	81
444	82
444	181
444	182
444	183
445	81
445	82
445	181
445	182
445	183
446	81
446	82
446	182
446	183
446	184
447	81
447	82
447	182
447	183
447	184
448	81
448	82
448	183
448	184
449	80
449	81
449	82
449	183
449	184
450	80
450	81
450	82
450	183
450	184
450	185
451	80
451	81
451	183
451	184
451	185
452	80
452	81
452	184
452	185
453	80
453	81
453	184
453	185
454	80
454	81
454	184
454	185
455	80
455	81
455	184
455	185
456	80
456	81
456	184
456	185
457	80
457	81
457	184
457	185
458	80
458	81
458	184
458	185
459	80
459	81
459	184
459	185
460	80
460	81
460	184
460	185
461	80
461	81
461	82
461	183
461	184
461	185
462	80
462	81
462	82
462	183
462	184
462	185
463	81
463	82
463	183
463	184
464	81
464	82
464	182
464	183
464	184
465	81
465	82
465	182
465	183
465	184
466	81
466	82
466	181
466	182
466	183
467	81
467	82
467	181
467	182
467	183
468	81
468	82
468	131
468	180
468	181
468	182
469	81
469	82
469	83
469	131
469	132
469	180
469	181
469	182
470	81
470	82
470	83
470	131
470	132
470	133
470	179
470	180
470	181
471	82
471	83
471	131
471	132
471	133
471	134
471	178
471	179
471	180
471	181
472	82
472	83
472	132
472	133
472	134
472	135
472	177
472	178
472	179
472	180
473	82
473	83
473	133
473	134
473	135
473	136
473	177
473	178
473	179
474	82
474	83
474	84
474	126
474	134
474	135
474	136
474	137
474	176
474	177
474	178
475	82
475	83
475	84
475	126
475	135
475	136
475	137
475	138
475	174
475	175
475	176
475	177
475	178
476	83
476	84
476	126
476	136
476	137
476	138
476	139
476	173
476	174
476	175
476	176
476	177
477	83
477	84
477	137
477	138
477	139
477	140
477	171
477	172
477	173
477	174
477	175
478	83
478	84
478	85
478	138
478	139
478	140
478	141
478	169
478	170
478	171
478	172
478	173
478	174
479	83
479	84
479	85
479	139
479	140
479	141
479	142
479	167
479	168
479	169
479	170
479	171
479	172
480	84
480	85
480	140
480	141
480	142
480	143
480	162
480	163
480	167
480	168
480	169
480	170
481	84
481	85
481	86
481	141
481	142
481	143
481	144
481	145
481	162
481	163
481	167
481	168
482	84
482	85
482	86
482	142
482	143
482	144
482	145
482	146
482	162
482	163
483	85
483	86
483	87
483	144
483	145
483	146
483	147
484	85
484	86
484	87
484	145
484	146
484	147
484	148
484	149
485	86
485	87
485	146
485	147
485	148
485	149
485	150
486	86
486	87
486	88
486	148
486	149
486	150
486	151
487	86
487	87
487	88
487	149
487	150
487	151
488	87
488	88
488	89
488	148
488	149
488	150
488	151
489	87
489	88
489	89
489	146
489	147
489	148
489	149
489	150
490	88
490	89
490	90
490	144
490	145
490	146
490	147
490	148
490	149
491	88
491	89
491	90
491	144
491	145
491	146
491	147
492	89
492	90
492	91
492	144
492	145
492	146
493	89
493	90
493	91
493	144
493	145
493	146
494	90
494	91
494	92
494	143
494	144
494	145
494	146
495	90
495	91
495	92
495	139
495	140
495	143
495	144
495	145
496	91
496	92
496	93
496	139
496	140
496	141
496	143
496	144
497	91
497	92
497	93
497	94
497	139
497	140
497	141
498	92
498	93
498	94
498	140
498	141
498	142
499	93
499	94
499	95
499	140
499	141
499	142
500	93
500	94
500	95
500	96
500	138
500	139
500	140
500	141
500	142
501	94
501	95
501	96
501	104
501	135
501	136
501	138
501	139
501	140
501	141
502	95
502	96
502	97
502	104
502	135
502	136
502	138
502	139
503	95
503	96
503	97
503	98
503	104
503	135
503	136
504	96
504	97
504	98
504	99
504	135
504	136
505	97
505	98
505	99
505	135
505	136
506	98
506	99
506	100
506	134
506	135
506	136
507	98
507	99
507	100
507	101
507	130
507	131
507	134
507	135
507	136
508	99
508	100
508	101
508	102
508	130
508	131
508	132
508	134
508	135
509	100
509	101
509	102
509	130
509	131
509	132
510	101
510	102
510	103
510	129
510	130
510	131
510	132
511	102
511	103
511	104
511	128
511	129
511	130
511	131
511	132
512	103
512	104
512	105
512	128
512	129
512	130
513	104
513	105
513	106
513	128
513	129
514	105
514	106
514	107
514	128
514	129
515	106
515	107
515	108
515	127
515	128
515	129
515	483
516	107
516	108
516	109
516	110
516	123
516	124
516	127
516	128
516	129
516	483
517	109
517	110
517	111
517	123
517	124
517	125
517	127
517	128
517	483
518	110
518	111
518	112
518	123
518	124
518	125
518	493
518	494
519	111
519	112
519	113
519	124
519	125
519	493
519	494
520	112
520	113
520	114
520	115
520	123
520	124
520	125
520	493
520	494
521	114
521	115
521	116
521	117
521	123
521	124
521	125
521	493
521	494
522	115
522	116
522	117
522	118
522	119
522	123
522	124
522	493
522	494
523	117
523	118
523	119
523	120
523	121
523	493
523	494
524	118
524	119
524	120
524	121
524	122
524	123
524	493
524	494
525	120
525	121
525	122
525	123
525	124
525	125
526	122
526	123
526	124
526	125
526	126
526	127
527	124
527	125
527	126
527	127
527	128
527	129
528	126
528	127
528	128
528	129
528	130
528	131
529	128
529	129
529	130
529	131
529	133
529	134
530	130
530	131
530	133
530	134
530	136
530	137
531	133
531	134
531	136
531	137
531	140
531	141
532	136
532	137
532	140
532	141
532	145
532	146
533	140
533	141
533	145
533	146
533	152
533	153
534	145
534	146
534	152
534	153
535	152
535	153
555	421
555	422
556	420
556	421
556	422
557	420
557	421
557	422
558	419
558	420
558	421
559	419
559	420
559	421
560	419
560	420
560	421
561	420
561	421
